sp_id,sp_gq_id,sporder,age,sex
939852122,450036454,1,75,2
940608423,450036454,1,77,1
940608424,450036454,1,97,1
940608425,450036454,1,75,1
940608426,450036454,1,75,1
940608427,450036454,1,95,1
940608428,450036454,1,66,1
940608429,450036454,1,91,1
940608430,450036454,1,73,1
940608431,450036454,1,78,1
940608432,450036454,1,77,1
939852140,450036454,1,86,2
939852139,450036454,1,86,2
939852138,450036454,1,73,2
939852137,450036454,1,88,2
939852136,450036454,1,72,2
939852135,450036454,1,83,2
939852134,450036454,1,87,2
939852133,450036454,1,98,2
939852132,450036454,1,84,2
939852131,450036454,1,82,2
939852130,450036454,1,79,2
939852129,450036454,1,80,2
939852128,450036454,1,88,2
939852127,450036454,1,77,2
939852126,450036454,1,81,2
939852125,450036454,1,81,2
939852124,450036454,1,92,2
939852123,450036454,1,71,2
939852121,450036454,1,78,2
939852120,450036454,1,79,2
939852119,450036454,1,82,2
939852118,450036454,1,98,2
940353016,450036454,1,59,1
939852116,450036454,1,71,2
939852117,450036454,1,80,2
939852147,450036455,1,88,2
939852148,450036455,1,88,2
939852149,450036455,1,70,2
940608435,450036455,1,80,1
940608433,450036455,1,76,1
940608434,450036455,1,84,1
939852150,450036455,1,94,2
939852151,450036455,1,88,2
939852152,450036455,1,90,2
939852153,450036455,1,95,2
939852154,450036455,1,93,2
939852155,450036455,1,86,2
939852156,450036455,1,79,2
939852157,450036455,1,86,2
939852158,450036455,1,77,2
939852159,450036455,1,90,2
939852160,450036455,1,96,2
939852161,450036455,1,89,2
939852162,450036455,1,72,2
939852163,450036455,1,87,2
939852164,450036455,1,83,2
939852165,450036455,1,85,2
940608442,450036455,1,87,1
940608441,450036455,1,81,1
940608440,450036455,1,87,1
940608439,450036455,1,74,1
940608438,450036455,1,79,1
940608437,450036455,1,79,1
939852141,450036455,1,90,2
940608436,450036455,1,84,1
939852142,450036455,1,84,2
939852143,450036455,1,96,2
939852144,450036455,1,91,2
939852145,450036455,1,88,2
939852146,450036455,1,99,2
940086981,450042415,1,75,2
940699459,450042415,1,80,1
940699458,450042415,1,76,1
940699457,450042415,1,74,1
940699456,450042415,1,77,1
940699455,450042415,1,90,1
940699454,450042415,1,87,1
940699453,450042415,1,80,1
940699452,450042415,1,78,1
940086974,450042415,1,96,2
940086973,450042415,1,86,2
940086975,450042415,1,75,2
940086976,450042415,1,92,2
940086977,450042415,1,90,2
940086978,450042415,1,85,2
940086979,450042415,1,88,2
940086980,450042415,1,88,2
940086982,450042415,1,80,2
940086983,450042415,1,86,2
940086984,450042415,1,92,2
940086985,450042415,1,76,2
940086986,450042415,1,89,2
940086987,450042415,1,75,2
940086988,450042415,1,81,2
940086989,450042415,1,87,2
940086972,450042415,1,79,2
940086971,450042415,1,87,2
940086970,450042415,1,77,2
940086969,450042415,1,88,2
940086968,450042415,1,90,2
940086967,450042415,1,100,2
942575635,450022080,1,16,1
942575638,450022081,1,16,2
942575636,450022081,1,15,2
942575637,450022081,1,17,2
942589038,450022082,1,17,1
942589039,450022082,1,17,1
942589040,450022082,1,16,1
942589041,450022082,1,17,1
942589042,450022082,1,15,1
942589043,450022082,1,14,1
942589034,450022082,1,17,1
942589035,450022082,1,16,1
942589036,450022082,1,15,1
942589044,450022082,1,17,1
942589037,450022082,1,17,1
942589046,450022083,1,27,2
942589045,450022083,1,26,2
938361030,450004664,1,18,2
938361029,450004664,1,20,2
938361028,450004664,1,20,2
938361027,450004664,1,18,2
938361026,450004664,1,19,2
938361025,450004664,1,20,2
938361024,450004664,1,22,2
938361023,450004664,1,23,2
938361022,450004664,1,19,2
938361021,450004664,1,28,2
938361020,450004664,1,19,2
938361019,450004664,1,19,2
938361018,450004664,1,19,2
938361017,450004664,1,21,2
938361016,450004664,1,18,2
938361015,450004664,1,24,2
938361014,450004664,1,20,2
938361013,450004664,1,18,2
938361012,450004664,1,19,2
938361011,450004664,1,18,2
938361010,450004664,1,24,2
938361009,450004664,1,21,2
938361008,450004664,1,21,2
938361007,450004664,1,19,2
938361006,450004664,1,24,2
938361005,450004664,1,19,2
938361004,450004664,1,20,2
938361003,450004664,1,18,2
938361002,450004664,1,18,2
938361001,450004664,1,21,2
938361000,450004664,1,19,2
938360999,450004664,1,20,2
938360998,450004664,1,19,2
938360997,450004664,1,18,2
938360996,450004664,1,20,2
938360995,450004664,1,19,2
938360994,450004664,1,21,2
938361048,450004664,1,18,2
938360993,450004664,1,21,2
938360992,450004664,1,22,2
938360991,450004664,1,20,2
938360990,450004664,1,38,2
938360989,450004664,1,19,2
938360988,450004664,1,19,2
938360987,450004664,1,19,1
938360986,450004664,1,18,1
938361049,450004664,1,19,2
938361050,450004664,1,19,2
938361051,450004664,1,22,2
938361047,450004664,1,24,2
938361053,450004664,1,24,2
938361054,450004664,1,18,2
938361055,450004664,1,19,2
938361056,450004664,1,20,2
938361057,450004664,1,23,2
938361058,450004664,1,18,2
938361059,450004664,1,24,2
938361060,450004664,1,21,2
938361061,450004664,1,22,2
938360985,450004664,1,19,1
938360984,450004664,1,19,1
938360983,450004664,1,21,1
938360982,450004664,1,20,1
938360981,450004664,1,24,1
938360980,450004664,1,19,1
938360979,450004664,1,19,1
938360978,450004664,1,23,1
938361062,450004664,1,19,2
938361063,450004664,1,18,2
938361064,450004664,1,19,2
938361065,450004664,1,18,2
938361066,450004664,1,22,2
938361067,450004664,1,21,2
938361068,450004664,1,19,2
938361069,450004664,1,21,2
938361070,450004664,1,19,2
938360977,450004664,1,19,1
938360976,450004664,1,29,1
938360975,450004664,1,22,1
938360974,450004664,1,22,1
938360973,450004664,1,18,1
938360972,450004664,1,21,1
938360971,450004664,1,21,1
938360970,450004664,1,19,1
938360969,450004664,1,21,1
938360968,450004664,1,18,1
938360967,450004664,1,24,1
938360966,450004664,1,20,1
938360965,450004664,1,19,1
938360964,450004664,1,18,1
938360963,450004664,1,21,1
938360962,450004664,1,19,1
938360961,450004664,1,22,1
938360960,450004664,1,18,1
938360959,450004664,1,19,1
938360958,450004664,1,18,1
938360957,450004664,1,19,1
938360956,450004664,1,21,1
938360955,450004664,1,22,1
938361071,450004664,1,19,2
938361072,450004664,1,18,2
938361073,450004664,1,19,2
938361074,450004664,1,18,2
938361075,450004664,1,19,2
938361076,450004664,1,18,2
938361077,450004664,1,19,2
938361078,450004664,1,18,2
938360954,450004664,1,21,1
938360953,450004664,1,22,1
938360952,450004664,1,18,1
938360951,450004664,1,19,1
938360950,450004664,1,23,1
938360949,450004664,1,20,1
938360948,450004664,1,19,1
938360947,450004664,1,19,1
938360946,450004664,1,20,1
938360945,450004664,1,19,1
938360944,450004664,1,21,1
938360943,450004664,1,21,1
938360942,450004664,1,18,1
938360941,450004664,1,20,1
938360940,450004664,1,24,1
938360939,450004664,1,19,1
938360938,450004664,1,20,1
938360937,450004664,1,21,1
938360936,450004664,1,19,1
938360935,450004664,1,18,1
938360934,450004664,1,18,1
938360933,450004664,1,18,1
938360932,450004664,1,22,1
938360931,450004664,1,19,1
938360930,450004664,1,20,1
938360929,450004664,1,22,1
938360928,450004664,1,19,1
938361079,450004664,1,19,2
938361080,450004664,1,33,2
938361081,450004664,1,19,2
938361082,450004664,1,20,2
938361083,450004664,1,19,2
938360927,450004664,1,23,1
938360926,450004664,1,21,1
938360925,450004664,1,21,1
938360924,450004664,1,19,1
938360923,450004664,1,20,1
938360922,450004664,1,19,1
938360921,450004664,1,23,1
938360920,450004664,1,18,1
938360919,450004664,1,18,1
938360918,450004664,1,18,1
938360917,450004664,1,23,1
938360916,450004664,1,23,1
938360915,450004664,1,18,1
938360914,450004664,1,19,1
938360913,450004664,1,18,1
938360912,450004664,1,18,1
938360911,450004664,1,18,1
938360910,450004664,1,18,1
938360909,450004664,1,20,1
938360908,450004664,1,18,1
938360907,450004664,1,22,1
938360906,450004664,1,21,1
938360905,450004664,1,21,1
938360904,450004664,1,19,1
938360903,450004664,1,18,1
938360902,450004664,1,23,1
938361052,450004664,1,22,2
938361046,450004664,1,20,2
938361045,450004664,1,22,2
938361044,450004664,1,21,2
938361043,450004664,1,19,2
938361042,450004664,1,21,2
938361041,450004664,1,19,2
938361040,450004664,1,23,2
938361039,450004664,1,19,2
938361038,450004664,1,20,2
938361037,450004664,1,18,2
938361036,450004664,1,19,2
938361035,450004664,1,24,2
938361034,450004664,1,19,2
938361033,450004664,1,22,2
938361032,450004664,1,19,2
938361031,450004664,1,19,2
938999615,450005417,1,33,1
938999625,450005417,1,43,1
938999624,450005417,1,42,1
938999623,450005417,1,41,1
938999622,450005417,1,40,1
938999621,450005417,1,39,1
938999620,450005417,1,38,1
938999619,450005417,1,37,1
938972341,450005417,1,18,2
938972370,450005417,1,41,2
938972369,450005417,1,40,2
938972368,450005417,1,39,2
938972367,450005417,1,38,2
938972366,450005417,1,37,2
938972365,450005417,1,36,2
938972364,450005417,1,35,2
938972363,450005417,1,34,2
938972362,450005417,1,33,2
938972361,450005417,1,32,2
938972360,450005417,1,31,2
938972359,450005417,1,30,2
938972358,450005417,1,29,2
938972357,450005417,1,28,2
938972356,450005417,1,27,2
938972355,450005417,1,26,2
938972354,450005417,1,25,2
938972353,450005417,1,25,2
938999587,450005417,1,18,1
938999588,450005417,1,19,1
938999589,450005417,1,19,1
938999590,450005417,1,20,1
938999591,450005417,1,20,1
938999592,450005417,1,20,1
938999593,450005417,1,21,1
938999594,450005417,1,21,1
938999595,450005417,1,21,1
938999596,450005417,1,22,1
938999597,450005417,1,22,1
938999598,450005417,1,22,1
938999599,450005417,1,23,1
938999600,450005417,1,23,1
938999601,450005417,1,23,1
938999602,450005417,1,24,1
938999603,450005417,1,24,1
938999604,450005417,1,25,1
938999605,450005417,1,25,1
938999606,450005417,1,26,1
938972352,450005417,1,24,2
938972351,450005417,1,24,2
938972350,450005417,1,23,2
938972349,450005417,1,23,2
938972348,450005417,1,22,2
938972347,450005417,1,22,2
938972346,450005417,1,21,2
938972345,450005417,1,21,2
938972344,450005417,1,20,2
938972343,450005417,1,20,2
938972342,450005417,1,19,2
938999618,450005417,1,36,1
938999617,450005417,1,35,1
938999616,450005417,1,34,1
938999607,450005417,1,26,1
938999608,450005417,1,27,1
938999609,450005417,1,27,1
938999610,450005417,1,28,1
938999611,450005417,1,29,1
938999612,450005417,1,30,1
938999613,450005417,1,31,1
938999614,450005417,1,32,1
940754883,450046474,1,88,1
940754885,450046474,1,90,1
940409508,450046474,1,60,1
940409509,450046474,1,63,1
940216344,450046474,1,95,2
940216345,450046474,1,87,2
940216346,450046474,1,89,2
940216347,450046474,1,88,2
940216348,450046474,1,81,2
940216349,450046474,1,80,2
940216350,450046474,1,103,2
940216351,450046474,1,89,2
940216352,450046474,1,85,2
940216353,450046474,1,82,2
940216354,450046474,1,81,2
940216355,450046474,1,77,2
940216356,450046474,1,92,2
940216357,450046474,1,81,2
940216358,450046474,1,71,2
940216359,450046474,1,70,2
940216360,450046474,1,92,2
940216361,450046474,1,66,2
940216362,450046474,1,87,2
940216363,450046474,1,96,2
940216364,450046474,1,88,2
940216365,450046474,1,70,2
940216366,450046474,1,103,2
940216367,450046474,1,86,2
940216368,450046474,1,78,2
940216369,450046474,1,81,2
940216370,450046474,1,76,2
940216371,450046474,1,69,2
940216372,450046474,1,99,2
940216373,450046474,1,89,2
940216374,450046474,1,77,2
940216375,450046474,1,90,2
940216376,450046474,1,91,2
940216377,450046474,1,90,2
940216378,450046474,1,79,2
940216379,450046474,1,90,2
940216380,450046474,1,82,2
940216381,450046474,1,78,2
940216382,450046474,1,87,2
940216383,450046474,1,84,2
940754875,450046474,1,67,1
940754876,450046474,1,82,1
940754877,450046474,1,80,1
940754878,450046474,1,84,1
940754879,450046474,1,78,1
940754880,450046474,1,68,1
940754881,450046474,1,79,1
940754882,450046474,1,67,1
940754884,450046474,1,69,1
938374437,450004665,1,20,1
938374436,450004665,1,19,1
938374435,450004665,1,19,1
938374434,450004665,1,19,1
938374433,450004665,1,19,1
938374432,450004665,1,21,1
938374431,450004665,1,18,1
938374430,450004665,1,18,1
938374429,450004665,1,23,1
938374428,450004665,1,19,1
938374427,450004665,1,22,1
938374426,450004665,1,18,1
938374425,450004665,1,19,1
938374424,450004665,1,18,1
938374423,450004665,1,21,1
938374422,450004665,1,24,1
938374421,450004665,1,18,1
938374420,450004665,1,23,1
938374419,450004665,1,19,1
938374483,450004665,1,26,2
938374482,450004665,1,19,2
938374481,450004665,1,24,2
938374480,450004665,1,21,2
938374479,450004665,1,19,2
938374478,450004665,1,19,2
938374477,450004665,1,22,2
938374476,450004665,1,18,2
938374475,450004665,1,19,2
938374474,450004665,1,19,2
938374473,450004665,1,19,2
938374472,450004665,1,21,2
938374471,450004665,1,23,2
938374470,450004665,1,21,2
938374469,450004665,1,19,2
938374468,450004665,1,19,2
938374467,450004665,1,23,2
938374466,450004665,1,19,2
938374465,450004665,1,19,2
938374464,450004665,1,18,2
938374463,450004665,1,19,2
938374462,450004665,1,19,2
938374461,450004665,1,22,1
938374460,450004665,1,24,1
938374459,450004665,1,24,1
938374511,450004665,1,22,2
938374510,450004665,1,23,2
938374509,450004665,1,21,2
938374508,450004665,1,19,2
938374507,450004665,1,20,2
938374506,450004665,1,21,2
938374505,450004665,1,19,2
938374504,450004665,1,20,2
938374503,450004665,1,21,2
938374502,450004665,1,21,2
938374501,450004665,1,19,2
938374500,450004665,1,24,2
938374499,450004665,1,18,2
938374498,450004665,1,18,2
938374497,450004665,1,21,2
938374496,450004665,1,18,2
938374495,450004665,1,24,2
938374494,450004665,1,18,2
938374493,450004665,1,18,2
938374492,450004665,1,22,2
938374491,450004665,1,18,2
938374490,450004665,1,19,2
938374489,450004665,1,21,2
938374488,450004665,1,19,2
938374487,450004665,1,22,2
938374486,450004665,1,18,2
938374485,450004665,1,27,2
938374484,450004665,1,18,2
938374458,450004665,1,21,1
938374457,450004665,1,21,1
938374456,450004665,1,19,1
938374455,450004665,1,21,1
938374454,450004665,1,21,1
938374453,450004665,1,23,1
938374452,450004665,1,23,1
938374451,450004665,1,19,1
938374450,450004665,1,19,1
938374449,450004665,1,19,1
938374448,450004665,1,21,1
938374447,450004665,1,19,1
938374446,450004665,1,23,1
938374445,450004665,1,19,1
938374444,450004665,1,18,1
938374443,450004665,1,22,1
938374442,450004665,1,19,1
938374441,450004665,1,21,1
938374440,450004665,1,19,1
938374439,450004665,1,22,1
938374438,450004665,1,19,1
938374217,450003555,1,19,2
938374272,450003555,1,20,2
938373784,450003555,1,19,1
938373783,450003555,1,18,1
938373782,450003555,1,19,1
938373781,450003555,1,19,1
938373780,450003555,1,19,1
938373779,450003555,1,22,1
938373778,450003555,1,21,1
938373777,450003555,1,18,1
938373776,450003555,1,19,1
938373775,450003555,1,23,1
938373774,450003555,1,19,1
938373773,450003555,1,19,1
938373772,450003555,1,18,1
938373771,450003555,1,19,1
938373770,450003555,1,28,1
938373769,450003555,1,19,1
938373768,450003555,1,24,1
938373767,450003555,1,19,1
938373766,450003555,1,19,1
938373765,450003555,1,19,1
938373764,450003555,1,22,1
938373763,450003555,1,21,1
938373762,450003555,1,19,1
938373761,450003555,1,19,1
938373760,450003555,1,19,1
938373759,450003555,1,18,1
938373758,450003555,1,19,1
938373757,450003555,1,22,1
938373756,450003555,1,19,1
938373755,450003555,1,19,1
938373754,450003555,1,34,1
938373753,450003555,1,24,1
938373752,450003555,1,19,1
938373751,450003555,1,21,1
938373750,450003555,1,19,1
938373749,450003555,1,20,1
938373748,450003555,1,21,1
938373747,450003555,1,23,1
938373746,450003555,1,19,1
938373745,450003555,1,21,1
938373744,450003555,1,22,1
938373743,450003555,1,20,1
938373742,450003555,1,21,1
938373741,450003555,1,22,1
938373740,450003555,1,19,1
938373739,450003555,1,24,1
938373738,450003555,1,18,1
938373737,450003555,1,20,1
938373736,450003555,1,21,1
938373735,450003555,1,22,1
938373734,450003555,1,22,1
938373733,450003555,1,20,1
938373732,450003555,1,18,1
938373731,450003555,1,20,1
938374418,450003555,1,20,2
938374417,450003555,1,19,2
938374416,450003555,1,23,2
938374415,450003555,1,19,2
938374414,450003555,1,19,2
938374413,450003555,1,22,2
938374412,450003555,1,22,2
938374411,450003555,1,19,2
938374410,450003555,1,19,2
938374409,450003555,1,19,2
938374408,450003555,1,20,2
938374407,450003555,1,18,2
938374406,450003555,1,19,2
938374405,450003555,1,23,2
938374404,450003555,1,19,2
938374403,450003555,1,20,2
938374402,450003555,1,18,2
938374401,450003555,1,18,2
938374400,450003555,1,20,2
938374399,450003555,1,19,2
938374398,450003555,1,19,2
938374397,450003555,1,19,2
938374396,450003555,1,19,2
938374395,450003555,1,21,2
938374394,450003555,1,21,2
938374393,450003555,1,23,2
938374392,450003555,1,22,2
938374391,450003555,1,24,2
938374390,450003555,1,23,2
938374389,450003555,1,19,2
938374388,450003555,1,18,2
938374387,450003555,1,18,2
938374386,450003555,1,18,2
938374385,450003555,1,19,2
938374384,450003555,1,22,2
938374383,450003555,1,19,2
938374382,450003555,1,24,2
938374381,450003555,1,22,2
938374380,450003555,1,22,2
938374379,450003555,1,19,2
938374378,450003555,1,19,2
938374377,450003555,1,20,2
938374376,450003555,1,18,2
938374375,450003555,1,19,2
938374374,450003555,1,19,2
938374373,450003555,1,20,2
938374372,450003555,1,19,2
938374371,450003555,1,24,2
938374370,450003555,1,22,2
938374369,450003555,1,19,2
938374368,450003555,1,19,2
938374367,450003555,1,22,2
938374366,450003555,1,22,2
938374365,450003555,1,28,2
938374364,450003555,1,20,2
938374363,450003555,1,18,2
938374362,450003555,1,20,2
938374361,450003555,1,22,2
938374360,450003555,1,19,2
938374359,450003555,1,24,2
938374358,450003555,1,21,2
938374357,450003555,1,23,2
938374356,450003555,1,22,2
938374355,450003555,1,22,2
938374354,450003555,1,18,2
938374353,450003555,1,18,2
938374352,450003555,1,18,2
938374351,450003555,1,18,2
938374350,450003555,1,24,2
938374349,450003555,1,18,2
938374348,450003555,1,22,2
938374347,450003555,1,19,2
938374346,450003555,1,19,2
938374345,450003555,1,18,2
938374344,450003555,1,19,2
938374343,450003555,1,22,2
938374342,450003555,1,22,2
938374341,450003555,1,19,2
938374340,450003555,1,19,2
938374339,450003555,1,19,2
938374338,450003555,1,21,2
938374337,450003555,1,18,2
938374336,450003555,1,22,2
938374335,450003555,1,21,2
938374334,450003555,1,20,2
938374333,450003555,1,22,2
938374332,450003555,1,19,2
938374331,450003555,1,18,2
938374330,450003555,1,20,2
938374329,450003555,1,23,2
938374328,450003555,1,19,2
938374327,450003555,1,19,2
938374326,450003555,1,20,2
938374325,450003555,1,18,2
938374324,450003555,1,21,2
938374323,450003555,1,18,2
938374322,450003555,1,21,2
938374321,450003555,1,18,2
938374320,450003555,1,20,2
938374319,450003555,1,21,2
938374318,450003555,1,19,2
938374317,450003555,1,22,2
938374316,450003555,1,19,2
938374315,450003555,1,26,2
938374314,450003555,1,19,2
938374313,450003555,1,18,2
938374312,450003555,1,19,2
938374311,450003555,1,19,2
938374310,450003555,1,19,2
938374309,450003555,1,19,2
938374308,450003555,1,22,2
938374307,450003555,1,19,2
938374306,450003555,1,18,2
938374305,450003555,1,19,2
938374304,450003555,1,19,2
938374303,450003555,1,19,2
938374302,450003555,1,21,2
938374301,450003555,1,19,2
938374300,450003555,1,19,2
938374299,450003555,1,19,2
938374298,450003555,1,19,2
938374297,450003555,1,19,2
938374296,450003555,1,19,2
938374295,450003555,1,21,2
938374294,450003555,1,20,2
938374293,450003555,1,19,2
938374292,450003555,1,19,2
938374291,450003555,1,19,2
938374290,450003555,1,19,2
938374289,450003555,1,22,2
938374288,450003555,1,21,2
938374287,450003555,1,19,2
938374286,450003555,1,19,2
938374285,450003555,1,18,2
938374284,450003555,1,19,2
938374283,450003555,1,24,2
938374282,450003555,1,18,2
938374281,450003555,1,20,2
938374280,450003555,1,19,2
938374279,450003555,1,24,2
938374278,450003555,1,21,2
938374277,450003555,1,21,2
938374276,450003555,1,20,2
938374275,450003555,1,19,2
938374274,450003555,1,19,2
938374273,450003555,1,24,2
938374271,450003555,1,19,2
938374270,450003555,1,18,2
938374269,450003555,1,18,2
938374268,450003555,1,21,2
938374267,450003555,1,19,2
938374266,450003555,1,18,2
938374265,450003555,1,19,2
938374264,450003555,1,19,2
938374263,450003555,1,21,2
938374262,450003555,1,21,2
938374261,450003555,1,18,2
938374260,450003555,1,21,2
938374259,450003555,1,18,2
938374258,450003555,1,19,2
938374257,450003555,1,20,2
938374256,450003555,1,20,2
938374255,450003555,1,19,2
938374254,450003555,1,19,2
938374253,450003555,1,18,2
938374252,450003555,1,18,2
938374251,450003555,1,19,2
938374250,450003555,1,21,2
938374249,450003555,1,23,2
938374248,450003555,1,19,2
938374247,450003555,1,21,2
938374246,450003555,1,48,2
938374245,450003555,1,22,2
938374244,450003555,1,20,2
938374243,450003555,1,21,2
938374242,450003555,1,19,2
938374241,450003555,1,18,2
938374240,450003555,1,24,2
938374239,450003555,1,19,2
938374238,450003555,1,21,2
938374237,450003555,1,23,2
938374236,450003555,1,21,2
938374235,450003555,1,19,2
938374234,450003555,1,19,2
938374233,450003555,1,18,2
938374232,450003555,1,22,2
938374231,450003555,1,19,2
938374230,450003555,1,19,2
938374229,450003555,1,19,2
938374228,450003555,1,20,2
938374227,450003555,1,19,2
938374226,450003555,1,21,2
938374225,450003555,1,20,2
938374224,450003555,1,18,2
938374223,450003555,1,18,2
938374222,450003555,1,19,2
938374221,450003555,1,22,2
938374220,450003555,1,19,2
938374219,450003555,1,19,2
938374218,450003555,1,19,2
938374216,450003555,1,19,2
938374215,450003555,1,19,2
938374214,450003555,1,24,2
938374213,450003555,1,23,2
938374212,450003555,1,18,2
938374211,450003555,1,19,2
938374210,450003555,1,19,2
938374209,450003555,1,19,2
938374208,450003555,1,21,2
938374207,450003555,1,19,2
938374206,450003555,1,22,2
938374205,450003555,1,20,2
938374204,450003555,1,19,2
938374203,450003555,1,18,2
938374202,450003555,1,19,2
938374201,450003555,1,22,2
938374200,450003555,1,21,2
938374199,450003555,1,18,2
938374198,450003555,1,18,2
938374197,450003555,1,19,2
938374196,450003555,1,18,2
938374195,450003555,1,18,2
938374194,450003555,1,20,2
938374193,450003555,1,24,2
938374192,450003555,1,19,2
938374191,450003555,1,23,2
938374190,450003555,1,21,2
938374189,450003555,1,20,2
938374188,450003555,1,19,2
938374187,450003555,1,23,2
938374186,450003555,1,20,2
938374185,450003555,1,18,2
938374184,450003555,1,23,2
938374183,450003555,1,18,2
938374182,450003555,1,23,2
938374181,450003555,1,18,2
938374180,450003555,1,20,2
938374179,450003555,1,23,2
938374178,450003555,1,18,2
938374177,450003555,1,22,2
938374176,450003555,1,18,2
938374175,450003555,1,22,2
938374174,450003555,1,22,2
938374173,450003555,1,18,2
938374172,450003555,1,19,2
938374171,450003555,1,19,2
938374170,450003555,1,20,2
938374169,450003555,1,21,2
938374168,450003555,1,22,2
938374167,450003555,1,18,2
938374166,450003555,1,19,2
938374165,450003555,1,19,2
938374164,450003555,1,22,2
938374163,450003555,1,19,2
938374162,450003555,1,18,2
938374161,450003555,1,23,2
938374160,450003555,1,21,2
938374159,450003555,1,23,2
938374158,450003555,1,19,2
938374157,450003555,1,19,2
938374156,450003555,1,24,2
938374155,450003555,1,19,2
938374154,450003555,1,19,2
938374153,450003555,1,18,2
938374152,450003555,1,19,2
938374151,450003555,1,20,2
938374150,450003555,1,24,2
938374149,450003555,1,19,2
938374148,450003555,1,18,2
938374147,450003555,1,18,2
938374146,450003555,1,22,2
938374145,450003555,1,19,2
938374144,450003555,1,19,2
938374143,450003555,1,18,2
938374142,450003555,1,21,2
938374141,450003555,1,18,2
938374140,450003555,1,19,2
938374139,450003555,1,18,2
938374138,450003555,1,18,2
938374137,450003555,1,19,2
938374136,450003555,1,19,2
938374135,450003555,1,20,2
938374134,450003555,1,19,2
938374133,450003555,1,18,2
938374132,450003555,1,23,2
938374131,450003555,1,22,2
938374130,450003555,1,20,2
938374129,450003555,1,19,2
938374128,450003555,1,18,2
938374127,450003555,1,20,2
938374126,450003555,1,20,2
938374125,450003555,1,18,2
938374124,450003555,1,19,2
938374123,450003555,1,20,2
938374122,450003555,1,18,2
938374121,450003555,1,21,2
938374120,450003555,1,19,2
938374119,450003555,1,21,2
938374118,450003555,1,20,2
938374117,450003555,1,18,2
938374116,450003555,1,23,2
938374115,450003555,1,22,2
938374114,450003555,1,19,2
938374113,450003555,1,19,2
938374112,450003555,1,18,2
938374111,450003555,1,18,2
938374110,450003555,1,19,2
938374109,450003555,1,19,2
938374108,450003555,1,18,2
938374107,450003555,1,21,2
938374106,450003555,1,23,2
938374105,450003555,1,21,2
938374104,450003555,1,19,2
938374103,450003555,1,21,2
938374102,450003555,1,19,2
938374101,450003555,1,19,2
938374100,450003555,1,19,2
938374099,450003555,1,19,2
938374098,450003555,1,20,2
938374097,450003555,1,19,2
938374096,450003555,1,19,2
938374095,450003555,1,18,2
938374094,450003555,1,20,2
938374093,450003555,1,18,2
938374092,450003555,1,18,2
938374091,450003555,1,23,2
938374090,450003555,1,23,2
938374089,450003555,1,21,2
938374088,450003555,1,19,2
938374087,450003555,1,19,2
938374086,450003555,1,19,2
938374085,450003555,1,19,2
938374084,450003555,1,20,2
938374083,450003555,1,19,2
938374082,450003555,1,18,2
938374081,450003555,1,19,2
938374080,450003555,1,19,2
938374079,450003555,1,19,2
938374078,450003555,1,19,2
938374077,450003555,1,19,2
938374076,450003555,1,18,2
938374075,450003555,1,19,2
938374074,450003555,1,19,2
938374073,450003555,1,19,2
938374072,450003555,1,19,2
938374071,450003555,1,23,2
938374070,450003555,1,19,2
938374069,450003555,1,22,2
938374068,450003555,1,22,2
938374067,450003555,1,22,2
938374066,450003555,1,22,2
938374065,450003555,1,28,2
938374064,450003555,1,19,2
938374063,450003555,1,20,2
938374062,450003555,1,20,2
938374061,450003555,1,22,2
938374060,450003555,1,19,2
938374059,450003555,1,20,2
938374058,450003555,1,19,2
938374057,450003555,1,18,2
938374056,450003555,1,20,2
938374055,450003555,1,24,2
938374054,450003555,1,24,2
938374053,450003555,1,23,2
938374052,450003555,1,23,2
938374051,450003555,1,20,2
938374050,450003555,1,18,2
938374049,450003555,1,19,2
938374048,450003555,1,23,2
938374047,450003555,1,18,2
938374046,450003555,1,20,2
938374045,450003555,1,21,2
938374044,450003555,1,19,2
938374043,450003555,1,21,2
938374042,450003555,1,19,2
938374041,450003555,1,18,2
938374040,450003555,1,40,2
938374039,450003555,1,19,2
938374038,450003555,1,18,2
938374037,450003555,1,22,2
938374036,450003555,1,19,2
938374035,450003555,1,19,2
938374034,450003555,1,22,2
938374033,450003555,1,18,2
938374032,450003555,1,19,2
938374031,450003555,1,31,2
938374030,450003555,1,19,2
938374029,450003555,1,19,2
938374028,450003555,1,18,2
938374027,450003555,1,18,2
938374026,450003555,1,19,2
938374025,450003555,1,18,2
938374024,450003555,1,20,2
938374023,450003555,1,20,2
938374022,450003555,1,22,2
938374021,450003555,1,20,2
938374020,450003555,1,23,2
938374019,450003555,1,21,2
938374018,450003555,1,24,2
938374017,450003555,1,18,2
938374016,450003555,1,22,2
938374015,450003555,1,21,2
938374014,450003555,1,22,2
938374013,450003555,1,21,2
938374012,450003555,1,18,2
938374011,450003555,1,24,2
938374010,450003555,1,19,2
938374009,450003555,1,26,2
938374008,450003555,1,20,2
938374007,450003555,1,19,2
938374006,450003555,1,19,2
938374005,450003555,1,18,2
938374004,450003555,1,19,2
938374003,450003555,1,29,2
938374002,450003555,1,21,2
938374001,450003555,1,18,2
938374000,450003555,1,23,2
938373999,450003555,1,20,2
938373998,450003555,1,20,2
938373997,450003555,1,20,2
938373996,450003555,1,20,2
938373995,450003555,1,18,2
938373994,450003555,1,18,2
938373993,450003555,1,19,2
938373992,450003555,1,18,2
938373991,450003555,1,26,2
938373990,450003555,1,19,2
938373989,450003555,1,18,2
938373988,450003555,1,19,2
938373987,450003555,1,35,2
938373986,450003555,1,19,2
938373985,450003555,1,24,2
938373984,450003555,1,19,2
938373983,450003555,1,18,2
938373982,450003555,1,18,2
938373981,450003555,1,18,2
938373980,450003555,1,19,2
938373979,450003555,1,19,2
938373978,450003555,1,23,2
938373977,450003555,1,20,2
938373976,450003555,1,19,2
938373975,450003555,1,19,2
938373974,450003555,1,18,2
938373973,450003555,1,20,2
938373972,450003555,1,20,2
938373971,450003555,1,19,2
938373970,450003555,1,23,2
938373969,450003555,1,22,2
938373968,450003555,1,22,2
938373967,450003555,1,19,2
938373966,450003555,1,19,2
938373965,450003555,1,18,2
938373964,450003555,1,19,2
938373963,450003555,1,19,2
938373962,450003555,1,20,2
938373961,450003555,1,19,2
938373960,450003555,1,19,2
938373959,450003555,1,23,2
938373958,450003555,1,22,2
938373957,450003555,1,21,2
938373956,450003555,1,19,2
938373955,450003555,1,19,2
938373954,450003555,1,27,2
938373953,450003555,1,20,2
938373952,450003555,1,19,2
938373951,450003555,1,19,2
938373950,450003555,1,19,2
938373949,450003555,1,19,2
938373948,450003555,1,20,2
938373947,450003555,1,18,2
938373946,450003555,1,22,2
938373945,450003555,1,19,2
938373944,450003555,1,21,2
938373943,450003555,1,19,2
938373942,450003555,1,19,2
938373941,450003555,1,19,2
938373940,450003555,1,18,2
938373939,450003555,1,24,2
938373938,450003555,1,19,2
938373937,450003555,1,18,2
938373936,450003555,1,19,2
938373935,450003555,1,22,2
938373934,450003555,1,22,2
938373933,450003555,1,22,2
938373932,450003555,1,23,2
938373931,450003555,1,19,2
938373930,450003555,1,18,2
938373929,450003555,1,20,2
938373928,450003555,1,21,2
938373927,450003555,1,19,2
938373926,450003555,1,18,2
938373925,450003555,1,24,2
938373924,450003555,1,22,2
938373923,450003555,1,23,2
938373922,450003555,1,19,2
938373921,450003555,1,19,2
938373920,450003555,1,19,2
938373919,450003555,1,20,2
938373918,450003555,1,20,2
938373917,450003555,1,23,2
938373916,450003555,1,19,2
938373915,450003555,1,20,2
938373914,450003555,1,19,2
938373913,450003555,1,19,2
938373912,450003555,1,19,2
938373911,450003555,1,19,2
938373910,450003555,1,19,2
938373909,450003555,1,23,2
938373908,450003555,1,20,2
938373907,450003555,1,18,2
938373906,450003555,1,19,2
938373905,450003555,1,23,2
938373904,450003555,1,21,2
938373903,450003555,1,18,2
938373902,450003555,1,19,2
938373901,450003555,1,22,2
938373900,450003555,1,24,2
938373899,450003555,1,19,2
938373898,450003555,1,19,2
938373897,450003555,1,18,2
938373896,450003555,1,20,2
938373895,450003555,1,18,2
938373894,450003555,1,22,2
938373893,450003555,1,18,2
938373892,450003555,1,18,2
938373891,450003555,1,22,2
938373890,450003555,1,21,2
938373889,450003555,1,20,2
938373888,450003555,1,21,2
938373887,450003555,1,19,2
938373886,450003555,1,22,2
938373885,450003555,1,19,2
938373884,450003555,1,18,2
938373883,450003555,1,19,2
938373882,450003555,1,20,2
938373881,450003555,1,20,2
938373880,450003555,1,18,2
938373879,450003555,1,23,2
938373878,450003555,1,19,2
938373877,450003555,1,19,2
938373876,450003555,1,19,2
938373875,450003555,1,18,2
938373874,450003555,1,18,2
938373873,450003555,1,18,2
938373872,450003555,1,20,2
938373871,450003555,1,22,2
938373870,450003555,1,19,2
938373869,450003555,1,22,2
938373868,450003555,1,19,2
938373867,450003555,1,21,2
938373866,450003555,1,18,2
938373865,450003555,1,19,2
938373864,450003555,1,18,2
938373863,450003555,1,19,2
938373862,450003555,1,18,2
938373861,450003555,1,22,2
938373860,450003555,1,19,2
938373859,450003555,1,23,2
938373858,450003555,1,19,2
938373857,450003555,1,18,2
938373856,450003555,1,23,2
938373855,450003555,1,19,2
938373854,450003555,1,19,2
938373853,450003555,1,18,2
938373852,450003555,1,19,2
938373851,450003555,1,18,2
938373850,450003555,1,19,2
938373849,450003555,1,18,2
938373848,450003555,1,18,2
938373847,450003555,1,18,2
938373846,450003555,1,21,2
938373845,450003555,1,19,2
938373844,450003555,1,19,2
938373843,450003555,1,21,2
938373842,450003555,1,20,2
938373841,450003555,1,22,2
938373840,450003555,1,23,2
938373839,450003555,1,19,2
938373838,450003555,1,20,2
938373837,450003555,1,22,2
938373836,450003555,1,24,2
938373835,450003555,1,19,2
938373834,450003555,1,19,2
938373833,450003555,1,19,2
938373832,450003555,1,28,2
938373831,450003555,1,19,2
938373830,450003555,1,22,2
938373305,450003555,1,17,1
938373306,450003555,1,26,1
938373307,450003555,1,19,1
938373308,450003555,1,18,1
938373309,450003555,1,22,1
938373310,450003555,1,19,1
938373311,450003555,1,22,1
938373312,450003555,1,25,1
938373313,450003555,1,24,1
938373314,450003555,1,18,1
938373315,450003555,1,26,1
938373316,450003555,1,24,1
938373317,450003555,1,23,1
938373318,450003555,1,18,1
938373319,450003555,1,18,1
938373320,450003555,1,18,1
938373321,450003555,1,19,1
938373322,450003555,1,38,1
938373323,450003555,1,20,1
938373324,450003555,1,20,1
938373325,450003555,1,23,1
938373326,450003555,1,20,1
938373327,450003555,1,24,1
938373328,450003555,1,19,1
938373329,450003555,1,21,1
938373330,450003555,1,20,1
938373331,450003555,1,24,1
938373332,450003555,1,20,1
938373333,450003555,1,21,1
938373334,450003555,1,22,1
938373335,450003555,1,18,1
938373336,450003555,1,21,1
938373337,450003555,1,24,1
938373338,450003555,1,19,1
938373339,450003555,1,18,1
938373340,450003555,1,27,1
938373341,450003555,1,19,1
938373342,450003555,1,21,1
938373343,450003555,1,19,1
938373344,450003555,1,22,1
938373345,450003555,1,20,1
938373346,450003555,1,19,1
938373347,450003555,1,20,1
938373348,450003555,1,24,1
938373349,450003555,1,19,1
938373350,450003555,1,21,1
938373351,450003555,1,21,1
938373352,450003555,1,19,1
938373353,450003555,1,19,1
938373354,450003555,1,22,1
938373355,450003555,1,19,1
938373356,450003555,1,20,1
938373357,450003555,1,22,1
938373358,450003555,1,18,1
938373359,450003555,1,31,1
938373360,450003555,1,21,1
938373361,450003555,1,19,1
938373362,450003555,1,19,1
938373363,450003555,1,21,1
938373364,450003555,1,24,1
938373365,450003555,1,21,1
938373366,450003555,1,19,1
938373367,450003555,1,18,1
938373368,450003555,1,19,1
938373369,450003555,1,23,1
938373370,450003555,1,22,1
938373371,450003555,1,18,1
938373372,450003555,1,23,1
938373373,450003555,1,22,1
938373374,450003555,1,20,1
938373375,450003555,1,20,1
938373376,450003555,1,21,1
938373377,450003555,1,19,1
938373378,450003555,1,19,1
938373379,450003555,1,19,1
938373380,450003555,1,19,1
938373381,450003555,1,19,1
938373382,450003555,1,21,1
938373383,450003555,1,19,1
938373384,450003555,1,22,1
938373385,450003555,1,19,1
938373386,450003555,1,28,1
938373387,450003555,1,22,1
938373388,450003555,1,20,1
938373389,450003555,1,19,1
938373390,450003555,1,20,1
938373391,450003555,1,21,1
938373392,450003555,1,19,1
938373393,450003555,1,20,1
938373394,450003555,1,20,1
938373395,450003555,1,24,1
938373396,450003555,1,20,1
938373397,450003555,1,21,1
938373398,450003555,1,18,1
938373399,450003555,1,19,1
938373400,450003555,1,20,1
938373401,450003555,1,20,1
938373402,450003555,1,19,1
938373403,450003555,1,22,1
938373404,450003555,1,21,1
938373405,450003555,1,24,1
938373406,450003555,1,19,1
938373407,450003555,1,19,1
938373408,450003555,1,18,1
938373409,450003555,1,24,1
938373410,450003555,1,19,1
938373411,450003555,1,19,1
938373412,450003555,1,21,1
938373413,450003555,1,20,1
938373414,450003555,1,19,1
938373415,450003555,1,23,1
938373416,450003555,1,23,1
938373417,450003555,1,20,1
938373418,450003555,1,18,1
938373419,450003555,1,19,1
938373420,450003555,1,19,1
938373421,450003555,1,19,1
938373422,450003555,1,18,1
938373423,450003555,1,18,1
938373424,450003555,1,24,1
938373425,450003555,1,18,1
938373426,450003555,1,22,1
938373427,450003555,1,23,1
938373428,450003555,1,19,1
938373429,450003555,1,18,1
938373430,450003555,1,20,1
938373431,450003555,1,22,1
938373432,450003555,1,19,1
938373433,450003555,1,20,1
938373434,450003555,1,23,1
938373435,450003555,1,20,1
938373436,450003555,1,19,1
938373437,450003555,1,24,1
938373438,450003555,1,19,1
938373439,450003555,1,19,1
938373440,450003555,1,22,1
938373441,450003555,1,20,1
938373442,450003555,1,20,1
938373443,450003555,1,20,1
938373444,450003555,1,18,1
938373445,450003555,1,19,1
938373446,450003555,1,23,1
938373447,450003555,1,21,1
938373448,450003555,1,19,1
938373449,450003555,1,20,1
938373450,450003555,1,20,1
938373451,450003555,1,21,1
938373452,450003555,1,18,1
938373453,450003555,1,19,1
938373454,450003555,1,23,1
938373455,450003555,1,19,1
938373456,450003555,1,19,1
938373457,450003555,1,19,1
938373458,450003555,1,23,1
938373459,450003555,1,24,1
938373460,450003555,1,20,1
938373461,450003555,1,18,1
938373462,450003555,1,19,1
938373463,450003555,1,23,1
938373464,450003555,1,22,1
938373465,450003555,1,19,1
938373466,450003555,1,19,1
938373467,450003555,1,19,1
938373468,450003555,1,24,1
938373469,450003555,1,23,1
938373470,450003555,1,24,1
938373471,450003555,1,19,1
938373472,450003555,1,18,1
938373473,450003555,1,18,1
938373474,450003555,1,19,1
938373475,450003555,1,19,1
938373476,450003555,1,19,1
938373477,450003555,1,19,1
938373478,450003555,1,18,1
938373479,450003555,1,19,1
938373480,450003555,1,19,1
938373481,450003555,1,22,1
938373482,450003555,1,19,1
938373483,450003555,1,18,1
938373484,450003555,1,24,1
938373485,450003555,1,19,1
938373486,450003555,1,26,1
938373487,450003555,1,20,1
938373488,450003555,1,19,1
938373489,450003555,1,21,1
938373490,450003555,1,18,1
938373491,450003555,1,18,1
938373492,450003555,1,19,1
938373493,450003555,1,19,1
938373494,450003555,1,18,1
938373495,450003555,1,22,1
938373496,450003555,1,20,1
938373497,450003555,1,20,1
938373498,450003555,1,18,1
938373499,450003555,1,19,1
938373500,450003555,1,23,1
938373501,450003555,1,28,1
938373502,450003555,1,26,1
938373503,450003555,1,20,1
938373504,450003555,1,24,1
938373505,450003555,1,22,1
938373506,450003555,1,20,1
938373507,450003555,1,23,1
938373508,450003555,1,23,1
938373509,450003555,1,19,1
938373510,450003555,1,19,1
938373511,450003555,1,20,1
938373512,450003555,1,18,1
938373513,450003555,1,21,1
938373514,450003555,1,19,1
938373515,450003555,1,59,1
938373516,450003555,1,22,1
938373517,450003555,1,18,1
938373518,450003555,1,18,1
938373519,450003555,1,20,1
938373520,450003555,1,20,1
938373521,450003555,1,18,1
938373522,450003555,1,19,1
938373523,450003555,1,18,1
938373524,450003555,1,22,1
938373525,450003555,1,23,1
938373526,450003555,1,24,1
938373527,450003555,1,19,1
938373528,450003555,1,19,1
938373529,450003555,1,18,1
938373530,450003555,1,22,1
938373531,450003555,1,23,1
938373532,450003555,1,23,1
938373533,450003555,1,18,1
938373534,450003555,1,19,1
938373535,450003555,1,23,1
938373536,450003555,1,24,1
938373537,450003555,1,18,1
938373538,450003555,1,18,1
938373539,450003555,1,19,1
938373540,450003555,1,19,1
938373541,450003555,1,20,1
938373542,450003555,1,19,1
938373543,450003555,1,19,1
938373544,450003555,1,22,1
938373545,450003555,1,21,1
938373546,450003555,1,18,1
938373547,450003555,1,22,1
938373548,450003555,1,23,1
938373549,450003555,1,22,1
938373550,450003555,1,24,1
938373551,450003555,1,21,1
938373552,450003555,1,21,1
938373553,450003555,1,21,1
938373554,450003555,1,20,1
938373555,450003555,1,23,1
938373556,450003555,1,21,1
938373557,450003555,1,19,1
938373558,450003555,1,19,1
938373559,450003555,1,19,1
938373560,450003555,1,19,1
938373561,450003555,1,18,1
938373562,450003555,1,18,1
938373563,450003555,1,24,1
938373564,450003555,1,18,1
938373565,450003555,1,23,1
938373566,450003555,1,18,1
938373567,450003555,1,18,1
938373568,450003555,1,21,1
938373569,450003555,1,20,1
938373570,450003555,1,22,1
938373571,450003555,1,18,1
938373572,450003555,1,21,1
938373573,450003555,1,19,1
938373574,450003555,1,22,1
938373575,450003555,1,19,1
938373576,450003555,1,22,1
938373577,450003555,1,21,1
938373578,450003555,1,23,1
938373579,450003555,1,25,1
938373580,450003555,1,19,1
938373581,450003555,1,19,1
938373582,450003555,1,18,1
938373583,450003555,1,23,1
938373584,450003555,1,18,1
938373585,450003555,1,18,1
938373586,450003555,1,24,1
938373587,450003555,1,22,1
938373588,450003555,1,24,1
938373589,450003555,1,21,1
938373590,450003555,1,18,1
938373591,450003555,1,19,1
938373592,450003555,1,19,1
938373593,450003555,1,23,1
938373594,450003555,1,18,1
938373595,450003555,1,19,1
938373596,450003555,1,18,1
938373597,450003555,1,24,1
938373598,450003555,1,21,1
938373599,450003555,1,21,1
938373600,450003555,1,19,1
938373601,450003555,1,20,1
938373602,450003555,1,19,1
938373603,450003555,1,18,1
938373604,450003555,1,21,1
938373605,450003555,1,19,1
938373606,450003555,1,19,1
938373607,450003555,1,20,1
938373608,450003555,1,18,1
938373609,450003555,1,18,1
938373610,450003555,1,18,1
938373611,450003555,1,18,1
938373612,450003555,1,22,1
938373613,450003555,1,19,1
938373614,450003555,1,18,1
938373615,450003555,1,19,1
938373616,450003555,1,19,1
938373617,450003555,1,24,1
938373618,450003555,1,24,1
938373619,450003555,1,18,1
938373620,450003555,1,19,1
938373621,450003555,1,18,1
938373622,450003555,1,19,1
938373623,450003555,1,18,1
938373624,450003555,1,24,1
938373625,450003555,1,19,1
938373626,450003555,1,22,1
938373627,450003555,1,19,1
938373628,450003555,1,22,1
938373629,450003555,1,19,1
938373630,450003555,1,19,1
938373631,450003555,1,18,1
938373632,450003555,1,21,1
938373633,450003555,1,22,1
938373634,450003555,1,19,1
938373635,450003555,1,19,1
938373636,450003555,1,18,1
938373637,450003555,1,21,1
938373638,450003555,1,24,1
938373639,450003555,1,19,1
938373640,450003555,1,20,1
938373641,450003555,1,19,1
938373642,450003555,1,23,1
938373643,450003555,1,23,1
938373644,450003555,1,19,1
938373645,450003555,1,18,1
938373646,450003555,1,21,1
938373647,450003555,1,19,1
938373648,450003555,1,24,1
938373649,450003555,1,19,1
938373650,450003555,1,21,1
938373651,450003555,1,19,1
938373652,450003555,1,20,1
938373653,450003555,1,18,1
938373654,450003555,1,18,1
938373655,450003555,1,18,1
938373656,450003555,1,19,1
938373657,450003555,1,23,1
938373658,450003555,1,20,1
938373659,450003555,1,18,1
938373660,450003555,1,23,1
938373661,450003555,1,18,1
938373662,450003555,1,30,1
938373663,450003555,1,21,1
938373664,450003555,1,18,1
938373665,450003555,1,21,1
938373666,450003555,1,21,1
938373667,450003555,1,23,1
938373668,450003555,1,23,1
938373669,450003555,1,20,1
938373670,450003555,1,21,1
938373671,450003555,1,23,1
938373672,450003555,1,38,1
938373673,450003555,1,19,1
938373674,450003555,1,21,1
938373675,450003555,1,18,1
938373676,450003555,1,23,1
938373677,450003555,1,19,1
938373678,450003555,1,20,1
938373679,450003555,1,20,1
938373680,450003555,1,19,1
938373681,450003555,1,20,1
938373682,450003555,1,22,1
938373683,450003555,1,21,1
938373684,450003555,1,21,1
938373685,450003555,1,18,1
938373686,450003555,1,18,1
938373687,450003555,1,19,1
938373688,450003555,1,23,1
938373689,450003555,1,23,1
938373690,450003555,1,22,1
938373691,450003555,1,19,1
938373692,450003555,1,18,1
938373693,450003555,1,19,1
938373694,450003555,1,19,1
938373695,450003555,1,21,1
938373696,450003555,1,23,1
938373697,450003555,1,21,1
938373698,450003555,1,20,1
938373699,450003555,1,18,1
938373700,450003555,1,18,1
938373701,450003555,1,20,1
938373702,450003555,1,21,1
938373703,450003555,1,22,1
938373704,450003555,1,19,1
938373705,450003555,1,22,1
938373706,450003555,1,19,1
938373707,450003555,1,18,1
938373708,450003555,1,19,1
938373709,450003555,1,23,1
938373710,450003555,1,18,1
938373711,450003555,1,18,1
938373712,450003555,1,18,1
938373713,450003555,1,19,1
938373714,450003555,1,18,1
938373715,450003555,1,19,1
938373716,450003555,1,19,1
938373717,450003555,1,19,1
938373718,450003555,1,21,1
938373719,450003555,1,21,1
938373720,450003555,1,20,1
938373721,450003555,1,18,1
938373722,450003555,1,18,1
938373723,450003555,1,24,1
938373724,450003555,1,19,1
938373725,450003555,1,18,1
938373726,450003555,1,24,1
938373727,450003555,1,19,1
938373728,450003555,1,21,1
938373729,450003555,1,19,1
938373730,450003555,1,21,1
938373829,450003555,1,22,2
938373828,450003555,1,18,2
938373827,450003555,1,19,2
938373826,450003555,1,20,2
938373825,450003555,1,18,2
938373824,450003555,1,19,2
938373823,450003555,1,19,2
938373822,450003555,1,18,2
938373821,450003555,1,19,2
938373820,450003555,1,21,2
938373819,450003555,1,19,2
938373818,450003555,1,36,2
938373817,450003555,1,29,2
938373816,450003555,1,34,2
938373815,450003555,1,21,2
938373814,450003555,1,24,2
938373813,450003555,1,18,2
938373812,450003555,1,19,2
938373811,450003555,1,22,2
938373810,450003555,1,19,2
938373809,450003555,1,22,2
938373808,450003555,1,18,2
938373807,450003555,1,21,2
938373806,450003555,1,19,2
938373805,450003555,1,19,2
938373804,450003555,1,19,2
938373803,450003555,1,19,2
938373802,450003555,1,20,2
938373801,450003555,1,23,2
938373800,450003555,1,19,2
938373799,450003555,1,19,2
938373798,450003555,1,23,2
938373797,450003555,1,22,2
938373796,450003555,1,19,2
938373795,450003555,1,20,2
938373794,450003555,1,18,2
938373793,450003555,1,19,2
938373792,450003555,1,19,2
938373791,450003555,1,18,2
938373790,450003555,1,21,2
938373789,450003555,1,21,1
938373788,450003555,1,18,1
938373787,450003555,1,23,1
938373786,450003555,1,19,1
938373785,450003555,1,23,1
940516213,450030507,1,78,1
939618393,450030507,1,88,2
939618392,450030507,1,90,2
939618391,450030507,1,99,2
939618390,450030507,1,97,2
939618389,450030507,1,85,2
939618388,450030507,1,87,2
939618387,450030507,1,84,2
939618386,450030507,1,90,2
939618385,450030507,1,97,2
939618384,450030507,1,90,2
939618383,450030507,1,95,2
939618382,450030507,1,82,2
939618381,450030507,1,87,2
939618380,450030507,1,99,2
939618379,450030507,1,82,2
939618378,450030507,1,90,2
939618377,450030507,1,87,2
939618376,450030507,1,74,2
939618375,450030507,1,89,2
939618374,450030507,1,86,2
939618373,450030507,1,83,2
939618372,450030507,1,76,2
939618371,450030507,1,85,2
939618370,450030507,1,98,2
939618369,450030507,1,70,2
939618368,450030507,1,86,2
939618367,450030507,1,86,2
939618366,450030507,1,84,2
939618365,450030507,1,87,2
939618364,450030507,1,96,2
939618363,450030507,1,84,2
939618362,450030507,1,81,2
939618361,450030507,1,85,2
939618360,450030507,1,76,2
939618359,450030507,1,82,2
939618358,450030507,1,88,2
939618357,450030507,1,71,2
939618356,450030507,1,87,2
939618355,450030507,1,104,2
940516206,450030507,1,84,1
940516207,450030507,1,65,1
940516208,450030507,1,105,1
940516209,450030507,1,77,1
940516210,450030507,1,86,1
940516211,450030507,1,71,1
940516212,450030507,1,95,1
939618430,450030508,1,87,2
940516221,450030508,1,79,1
940516220,450030508,1,83,1
940516219,450030508,1,84,1
940516218,450030508,1,90,1
940516217,450030508,1,78,1
940516216,450030508,1,87,1
940516215,450030508,1,92,1
940516214,450030508,1,86,1
939618394,450030508,1,89,2
939618395,450030508,1,87,2
939618396,450030508,1,79,2
939618397,450030508,1,65,2
939618398,450030508,1,84,2
939618399,450030508,1,82,2
939618400,450030508,1,87,2
939618401,450030508,1,65,2
939618402,450030508,1,87,2
939618403,450030508,1,81,2
939618404,450030508,1,80,2
939618405,450030508,1,74,2
939618406,450030508,1,72,2
939618407,450030508,1,90,2
939618408,450030508,1,101,2
939618409,450030508,1,85,2
939618410,450030508,1,84,2
939618411,450030508,1,83,2
939618412,450030508,1,74,2
939618413,450030508,1,86,2
939618414,450030508,1,89,2
939618415,450030508,1,76,2
939618416,450030508,1,100,2
939618417,450030508,1,88,2
939618418,450030508,1,94,2
939618419,450030508,1,82,2
939618420,450030508,1,85,2
939618421,450030508,1,78,2
939618422,450030508,1,101,2
939618423,450030508,1,89,2
939618424,450030508,1,98,2
939618425,450030508,1,81,2
939618426,450030508,1,90,2
939618427,450030508,1,97,2
939618428,450030508,1,70,2
939618429,450030508,1,70,2
939618431,450030508,1,83,2
940755273,450046475,1,88,1
940516620,450030646,1,84,1
940516621,450030646,1,103,1
940516622,450030646,1,80,1
940516623,450030646,1,73,1
940516624,450030646,1,89,1
940516625,450030646,1,65,1
940516626,450030646,1,66,1
940516627,450030646,1,69,1
939619707,450030646,1,70,2
939619706,450030646,1,90,2
939619705,450030646,1,82,2
939619704,450030646,1,78,2
939619733,450030646,1,90,2
939619716,450030646,1,87,2
939619717,450030646,1,85,2
939619718,450030646,1,87,2
939619719,450030646,1,78,2
939619720,450030646,1,76,2
939619721,450030646,1,65,2
939619722,450030646,1,87,2
939619723,450030646,1,87,2
939619724,450030646,1,79,2
939619725,450030646,1,89,2
939619726,450030646,1,86,2
939619727,450030646,1,95,2
939619728,450030646,1,85,2
939619729,450030646,1,91,2
939619730,450030646,1,66,2
939619731,450030646,1,71,2
939619732,450030646,1,84,2
940516619,450030646,1,77,1
939619734,450030646,1,89,2
939619735,450030646,1,80,2
939619715,450030646,1,93,2
939619714,450030646,1,88,2
939619713,450030646,1,90,2
939619712,450030646,1,86,2
939619711,450030646,1,100,2
939619710,450030646,1,90,2
939619709,450030646,1,76,2
939619708,450030646,1,85,2
940516617,450030646,1,97,1
940516618,450030646,1,87,1
939852420,450036456,1,68,2
939852424,450036456,1,92,2
939852425,450036456,1,88,2
939852426,450036456,1,83,2
939852427,450036456,1,82,2
939852428,450036456,1,66,2
939852429,450036456,1,105,2
939852430,450036456,1,88,2
939852413,450036456,1,86,2
939852414,450036456,1,90,2
939852415,450036456,1,83,2
939852416,450036456,1,73,2
939852419,450036456,1,89,2
940608516,450036456,1,96,1
940608515,450036456,1,88,1
940608514,450036456,1,90,1
940608513,450036456,1,80,1
940608512,450036456,1,89,1
940608511,450036456,1,88,1
940608510,450036456,1,81,1
940608509,450036456,1,87,1
940608508,450036456,1,91,1
939852423,450036456,1,96,2
939852422,450036456,1,73,2
940608507,450036456,1,73,1
939852399,450036456,1,66,2
939852400,450036456,1,68,2
939852401,450036456,1,80,2
939852402,450036456,1,83,2
939852403,450036456,1,89,2
939852404,450036456,1,90,2
939852405,450036456,1,100,2
939852406,450036456,1,88,2
939852407,450036456,1,86,2
939852408,450036456,1,88,2
939852409,450036456,1,100,2
939852410,450036456,1,87,2
939852411,450036456,1,97,2
939852412,450036456,1,90,2
939852417,450036456,1,87,2
939852418,450036456,1,70,2
939852421,450036456,1,86,2
939619695,450030647,1,94,2
939375436,450030647,1,47,2
939375435,450030647,1,28,2
939375434,450030647,1,61,2
940516616,450030647,1,79,1
940516615,450030647,1,93,1
940516614,450030647,1,76,1
940516613,450030647,1,68,1
940516612,450030647,1,81,1
940516611,450030647,1,87,1
940516610,450030647,1,86,1
940516609,450030647,1,72,1
940516608,450030647,1,76,1
940319615,450030647,1,52,1
940319616,450030647,1,64,1
939619703,450030647,1,75,2
939619702,450030647,1,87,2
939619701,450030647,1,75,2
939619700,450030647,1,92,2
939619699,450030647,1,82,2
939619698,450030647,1,76,2
939619697,450030647,1,88,2
939619696,450030647,1,101,2
939619694,450030647,1,68,2
939619693,450030647,1,85,2
939619692,450030647,1,86,2
939619691,450030647,1,92,2
939619690,450030647,1,85,2
939619689,450030647,1,92,2
939619688,450030647,1,90,2
939619687,450030647,1,105,2
939619686,450030647,1,100,2
939619685,450030647,1,86,2
939619684,450030647,1,95,2
939619683,450030647,1,85,2
939619682,450030647,1,88,2
939619681,450030647,1,78,2
939619680,450030647,1,83,2
939619679,450030647,1,88,2
939619678,450030647,1,93,2
939619677,450030647,1,89,2
939619676,450030647,1,94,2
939619675,450030647,1,97,2
939619674,450030647,1,82,2
939619673,450030647,1,84,2
939619672,450030647,1,93,2
939619671,450030647,1,79,2
939619670,450030647,1,93,2
939619669,450030647,1,69,2
939619668,450030647,1,97,2
939619667,450030647,1,77,2
939619666,450030647,1,75,2
939619665,450030647,1,79,2
939619664,450030647,1,97,2
939619663,450030647,1,80,2
939619662,450030647,1,78,2
939619661,450030647,1,96,2
939619660,450030647,1,87,2
939619659,450030647,1,81,2
939619658,450030647,1,100,2
939852381,450036457,1,83,2
939852380,450036457,1,80,2
939852379,450036457,1,75,2
939852378,450036457,1,74,2
939852377,450036457,1,82,2
939852358,450036457,1,85,2
939852357,450036457,1,89,2
939852356,450036457,1,75,2
939852355,450036457,1,79,2
939852354,450036457,1,85,2
940608499,450036457,1,74,1
940608506,450036457,1,84,1
939852398,450036457,1,78,2
939852376,450036457,1,89,2
939852375,450036457,1,96,2
940353022,450036457,1,56,1
940353021,450036457,1,43,1
939852374,450036457,1,77,2
939852373,450036457,1,87,2
939852372,450036457,1,65,2
939852371,450036457,1,73,2
939852370,450036457,1,88,2
939852369,450036457,1,82,2
939852368,450036457,1,70,2
939852367,450036457,1,100,2
939852366,450036457,1,95,2
939852365,450036457,1,89,2
939852364,450036457,1,66,2
939852363,450036457,1,90,2
939357524,450036457,1,61,2
939357523,450036457,1,64,2
939357522,450036457,1,44,2
939852397,450036457,1,95,2
939852396,450036457,1,80,2
939852395,450036457,1,73,2
939852394,450036457,1,86,2
939852393,450036457,1,77,2
939852392,450036457,1,99,2
939852391,450036457,1,65,2
939852390,450036457,1,75,2
940608500,450036457,1,88,1
940608501,450036457,1,74,1
940608502,450036457,1,66,1
940608503,450036457,1,76,1
940608504,450036457,1,79,1
940608505,450036457,1,65,1
939852362,450036457,1,88,2
939852361,450036457,1,86,2
939852389,450036457,1,73,2
939852388,450036457,1,76,2
939852387,450036457,1,87,2
939852386,450036457,1,75,2
939852360,450036457,1,88,2
939852359,450036457,1,90,2
939852385,450036457,1,75,2
939852384,450036457,1,84,2
939852383,450036457,1,75,2
939852382,450036457,1,79,2
940649438,450039276,1,81,1
940649440,450039276,1,85,1
940649441,450039276,1,83,1
940649442,450039276,1,90,1
940649443,450039276,1,85,1
940649444,450039276,1,80,1
940649445,450039276,1,82,1
940649446,450039276,1,69,1
940649447,450039276,1,85,1
940649448,450039276,1,87,1
940649449,450039276,1,84,1
940649450,450039276,1,84,1
940649451,450039276,1,87,1
940649452,450039276,1,76,1
940649453,450039276,1,71,1
940649454,450039276,1,84,1
940649455,450039276,1,82,1
940649456,450039276,1,75,1
940649457,450039276,1,72,1
940649418,450039276,1,87,1
940649417,450039276,1,72,1
940649416,450039276,1,91,1
939344861,450039276,1,62,2
939344494,450039276,1,54,2
939334652,450039276,1,43,2
939334651,450039276,1,49,2
939334650,450039276,1,62,2
939334649,450039276,1,47,2
939334648,450039276,1,64,2
939334647,450039276,1,62,2
939334646,450039276,1,51,2
939334645,450039276,1,26,2
939334644,450039276,1,56,2
939957493,450039276,1,95,2
939957494,450039276,1,95,2
939957495,450039276,1,86,2
939957496,450039276,1,89,2
940649491,450039276,1,85,1
940649490,450039276,1,69,1
940649489,450039276,1,79,1
940649488,450039276,1,90,1
940649487,450039276,1,96,1
940649486,450039276,1,77,1
940649485,450039276,1,98,1
940649484,450039276,1,66,1
939957497,450039276,1,88,2
939957498,450039276,1,96,2
939957499,450039276,1,65,2
939334643,450039276,1,34,2
939334642,450039276,1,21,2
939334641,450039276,1,63,2
939334640,450039276,1,26,2
939334639,450039276,1,56,2
939334638,450039276,1,57,2
939334637,450039276,1,55,2
939334636,450039276,1,35,2
939334635,450039276,1,41,2
939334634,450039276,1,61,2
939334633,450039276,1,34,2
939334632,450039276,1,53,2
939334631,450039276,1,24,2
939957500,450039276,1,83,2
939957501,450039276,1,85,2
939957502,450039276,1,78,2
939957503,450039276,1,66,2
939957504,450039276,1,92,2
939957505,450039276,1,68,2
939957506,450039276,1,78,2
939957507,450039276,1,88,2
939957508,450039276,1,79,2
939957509,450039276,1,72,2
939957510,450039276,1,87,2
939957511,450039276,1,99,2
939957512,450039276,1,83,2
939957513,450039276,1,91,2
939957514,450039276,1,75,2
939957515,450039276,1,68,2
939957516,450039276,1,101,2
939957517,450039276,1,82,2
939957518,450039276,1,95,2
939957519,450039276,1,101,2
939957520,450039276,1,77,2
939957521,450039276,1,101,2
939957522,450039276,1,86,2
939957523,450039276,1,86,2
939957524,450039276,1,96,2
939957525,450039276,1,69,2
939957526,450039276,1,88,2
939957527,450039276,1,88,2
939957528,450039276,1,83,2
939957529,450039276,1,87,2
939957530,450039276,1,72,2
939957531,450039276,1,76,2
939957532,450039276,1,88,2
939957533,450039276,1,89,2
939957534,450039276,1,85,2
939957535,450039276,1,97,2
939957536,450039276,1,77,2
939957537,450039276,1,74,2
939957538,450039276,1,89,2
939957539,450039276,1,97,2
939957540,450039276,1,85,2
939957541,450039276,1,96,2
939957542,450039276,1,85,2
939957543,450039276,1,90,2
939957544,450039276,1,78,2
939957545,450039276,1,88,2
939957546,450039276,1,69,2
939957547,450039276,1,84,2
939957548,450039276,1,95,2
939957549,450039276,1,82,2
939957550,450039276,1,93,2
939957551,450039276,1,82,2
939957552,450039276,1,86,2
939957553,450039276,1,84,2
939957554,450039276,1,99,2
939957555,450039276,1,88,2
939957556,450039276,1,70,2
939957557,450039276,1,65,2
939957558,450039276,1,70,2
939957559,450039276,1,65,2
939957560,450039276,1,98,2
939957561,450039276,1,85,2
939957562,450039276,1,90,2
939957563,450039276,1,86,2
939957564,450039276,1,87,2
939957565,450039276,1,83,2
939957566,450039276,1,85,2
939957567,450039276,1,86,2
939957568,450039276,1,87,2
939957569,450039276,1,77,2
939957570,450039276,1,76,2
939957571,450039276,1,90,2
939957572,450039276,1,81,2
939957573,450039276,1,79,2
939957574,450039276,1,85,2
939957575,450039276,1,78,2
939957576,450039276,1,83,2
939957577,450039276,1,85,2
939957578,450039276,1,92,2
939957579,450039276,1,89,2
939957580,450039276,1,94,2
939957581,450039276,1,86,2
939957582,450039276,1,72,2
939957583,450039276,1,88,2
939957584,450039276,1,85,2
939957585,450039276,1,89,2
940367965,450039276,1,59,1
940367964,450039276,1,52,1
940367963,450039276,1,18,1
940367962,450039276,1,55,1
940367961,450039276,1,62,1
940367960,450039276,1,58,1
940367959,450039276,1,62,1
940367958,450039276,1,63,1
940367957,450039276,1,50,1
940367956,450039276,1,51,1
940367955,450039276,1,57,1
940367954,450039276,1,25,1
940367953,450039276,1,55,1
940367952,450039276,1,48,1
940367951,450039276,1,60,1
940367950,450039276,1,56,1
940367949,450039276,1,36,1
940367948,450039276,1,38,1
940367947,450039276,1,63,1
940367946,450039276,1,56,1
940367945,450039276,1,45,1
940367944,450039276,1,31,1
940367943,450039276,1,61,1
939957586,450039276,1,84,2
939957587,450039276,1,80,2
939957588,450039276,1,93,2
939957589,450039276,1,88,2
939957590,450039276,1,96,2
939957591,450039276,1,90,2
939957592,450039276,1,83,2
939957593,450039276,1,86,2
939957594,450039276,1,88,2
939957595,450039276,1,76,2
939957596,450039276,1,94,2
939957597,450039276,1,79,2
939957598,450039276,1,87,2
939957599,450039276,1,76,2
939957600,450039276,1,84,2
939957601,450039276,1,88,2
939957602,450039276,1,83,2
939957603,450039276,1,92,2
939957604,450039276,1,89,2
939957605,450039276,1,104,2
939957606,450039276,1,91,2
939957607,450039276,1,92,2
939957608,450039276,1,77,2
939957609,450039276,1,72,2
939957610,450039276,1,71,2
939957611,450039276,1,74,2
939957612,450039276,1,84,2
939957613,450039276,1,95,2
939957614,450039276,1,83,2
939957615,450039276,1,70,2
939957616,450039276,1,85,2
939957617,450039276,1,86,2
939957618,450039276,1,89,2
939957619,450039276,1,81,2
939957620,450039276,1,76,2
939957621,450039276,1,87,2
939957622,450039276,1,87,2
939957623,450039276,1,88,2
939957624,450039276,1,67,2
939957625,450039276,1,83,2
939957626,450039276,1,83,2
939957627,450039276,1,83,2
939957628,450039276,1,95,2
939957629,450039276,1,91,2
939957630,450039276,1,86,2
939957631,450039276,1,78,2
939957632,450039276,1,95,2
939957633,450039276,1,87,2
940649483,450039276,1,92,1
940649482,450039276,1,83,1
940649481,450039276,1,74,1
940649480,450039276,1,73,1
940649479,450039276,1,72,1
940649478,450039276,1,72,1
940649477,450039276,1,80,1
940649476,450039276,1,71,1
940649475,450039276,1,68,1
940649474,450039276,1,65,1
940649473,450039276,1,70,1
940649472,450039276,1,100,1
940649471,450039276,1,87,1
940649470,450039276,1,69,1
940649469,450039276,1,68,1
940649468,450039276,1,103,1
940649467,450039276,1,70,1
940649466,450039276,1,67,1
940649465,450039276,1,89,1
940649464,450039276,1,91,1
940649463,450039276,1,80,1
940649462,450039276,1,85,1
940649461,450039276,1,75,1
940649460,450039276,1,99,1
940649459,450039276,1,80,1
940649458,450039276,1,90,1
939334626,450039276,1,64,2
939334627,450039276,1,32,2
939334628,450039276,1,60,2
939334629,450039276,1,56,2
939334630,450039276,1,51,2
939957634,450039276,1,101,2
939957635,450039276,1,91,2
939957636,450039276,1,91,2
939957637,450039276,1,77,2
939957638,450039276,1,96,2
939957639,450039276,1,90,2
939957640,450039276,1,92,2
939957641,450039276,1,99,2
939957642,450039276,1,85,2
939957643,450039276,1,80,2
939957644,450039276,1,80,2
939957645,450039276,1,86,2
939957646,450039276,1,99,2
939957647,450039276,1,86,2
939957648,450039276,1,85,2
939957649,450039276,1,86,2
939957650,450039276,1,77,2
939957651,450039276,1,88,2
939957652,450039276,1,69,2
939957653,450039276,1,78,2
939957654,450039276,1,90,2
939957655,450039276,1,93,2
939957656,450039276,1,87,2
939957657,450039276,1,87,2
939957658,450039276,1,85,2
939957659,450039276,1,95,2
939957660,450039276,1,89,2
939957661,450039276,1,93,2
939957662,450039276,1,79,2
939957663,450039276,1,85,2
939957664,450039276,1,89,2
939957665,450039276,1,74,2
939957666,450039276,1,79,2
939957667,450039276,1,85,2
939957668,450039276,1,84,2
939957669,450039276,1,85,2
939957670,450039276,1,76,2
939957671,450039276,1,85,2
939957672,450039276,1,76,2
939957673,450039276,1,80,2
939957674,450039276,1,88,2
939957675,450039276,1,99,2
939957676,450039276,1,76,2
939957677,450039276,1,98,2
939957678,450039276,1,74,2
939957679,450039276,1,71,2
939957680,450039276,1,72,2
939957681,450039276,1,90,2
939957682,450039276,1,96,2
939957683,450039276,1,97,2
939957684,450039276,1,89,2
939957685,450039276,1,104,2
939957686,450039276,1,89,2
939957687,450039276,1,98,2
940649421,450039276,1,105,1
940649420,450039276,1,74,1
939334623,450039276,1,51,2
939334624,450039276,1,60,2
939334625,450039276,1,45,2
940649422,450039276,1,74,1
940649423,450039276,1,81,1
940649424,450039276,1,81,1
940649425,450039276,1,91,1
940649426,450039276,1,86,1
940649427,450039276,1,77,1
940649428,450039276,1,77,1
940649419,450039276,1,68,1
940649429,450039276,1,84,1
940649430,450039276,1,100,1
940649431,450039276,1,85,1
940649432,450039276,1,82,1
940649433,450039276,1,84,1
940649434,450039276,1,81,1
940649435,450039276,1,86,1
940649436,450039276,1,79,1
940649437,450039276,1,74,1
940649439,450039276,1,88,1
942586550,450008463,1,30,1
942586551,450008463,1,51,1
942586552,450008463,1,25,1
942586553,450008463,1,33,1
942586554,450008463,1,22,1
942586555,450008463,1,29,1
942586556,450008463,1,51,1
942586557,450008463,1,20,1
942586558,450008463,1,44,1
942586559,450008463,1,42,1
942586560,450008463,1,32,1
942586561,450008463,1,34,1
942586562,450008463,1,29,1
942586563,450008463,1,57,1
942586619,450008463,1,21,1
942586620,450008463,1,53,1
942586621,450008463,1,31,1
942586622,450008463,1,37,1
942586623,450008463,1,31,1
942586624,450008463,1,28,1
942586625,450008463,1,34,1
942586618,450008463,1,28,1
942586515,450008463,1,46,1
942586516,450008463,1,40,1
942586626,450008463,1,39,1
942586627,450008463,1,33,1
942586628,450008463,1,32,1
942586629,450008463,1,26,1
942586464,450008463,1,21,1
942586463,450008463,1,34,1
942586462,450008463,1,40,1
942586461,450008463,1,41,1
942586460,450008463,1,22,1
942586731,450008463,1,59,1
942586732,450008463,1,53,1
942586733,450008463,1,39,1
942586734,450008463,1,43,1
942586735,450008463,1,33,1
942586736,450008463,1,37,1
942586453,450008463,1,25,1
942586452,450008463,1,29,1
942586451,450008463,1,52,1
942586450,450008463,1,24,1
942586449,450008463,1,27,1
942586448,450008463,1,31,1
942586447,450008463,1,43,1
942586446,450008463,1,38,1
942586445,450008463,1,25,1
942586737,450008463,1,35,1
942586610,450008463,1,27,1
942586609,450008463,1,26,1
942586608,450008463,1,43,1
942586607,450008463,1,46,1
942586606,450008463,1,23,1
942586709,450008463,1,44,1
942586564,450008463,1,21,1
942586565,450008463,1,43,1
942586440,450008463,1,51,1
942586439,450008463,1,53,1
942586438,450008463,1,32,1
942586437,450008463,1,42,1
942586436,450008463,1,37,1
942586710,450008463,1,32,1
942586434,450008463,1,15,1
942586435,450008463,1,57,1
942586711,450008463,1,30,1
942586712,450008463,1,26,1
942586713,450008463,1,38,1
942586714,450008463,1,28,1
942586715,450008463,1,33,1
942586716,450008463,1,46,1
942586717,450008463,1,32,1
942586718,450008463,1,23,1
942586567,450008463,1,40,1
942586568,450008463,1,36,1
942586569,450008463,1,45,1
942586570,450008463,1,44,1
942586490,450008463,1,21,1
942586605,450008463,1,25,1
942586486,450008463,1,21,1
942586485,450008463,1,41,1
942586484,450008463,1,23,1
942586604,450008463,1,45,1
942586603,450008463,1,46,1
942586498,450008463,1,34,1
942586499,450008463,1,33,1
942586500,450008463,1,29,1
942586501,450008463,1,25,1
942586602,450008463,1,32,1
942586601,450008463,1,24,1
942586600,450008463,1,23,1
942586483,450008463,1,53,1
942586482,450008463,1,35,1
942586481,450008463,1,29,1
942586480,450008463,1,27,1
942586479,450008463,1,27,1
942586478,450008463,1,54,1
942586599,450008463,1,27,1
942586477,450008463,1,34,1
942586476,450008463,1,18,1
942586475,450008463,1,41,1
942586474,450008463,1,22,1
942586473,450008463,1,43,1
942586472,450008463,1,57,1
942586598,450008463,1,27,1
942586597,450008463,1,32,1
942586596,450008463,1,46,1
942586595,450008463,1,59,1
942586594,450008463,1,34,1
942586593,450008463,1,37,1
942586592,450008463,1,53,1
942586591,450008463,1,46,1
942586571,450008463,1,31,1
942586572,450008463,1,25,1
942586573,450008463,1,35,1
942586574,450008463,1,29,1
942586575,450008463,1,24,1
942586576,450008463,1,55,1
942586577,450008463,1,39,1
942586578,450008463,1,26,1
942586590,450008463,1,38,1
942586589,450008463,1,40,1
942586588,450008463,1,44,1
942586566,450008463,1,32,1
942586719,450008463,1,20,1
942586720,450008463,1,24,1
942586721,450008463,1,28,1
942586722,450008463,1,31,1
942586533,450008463,1,30,1
942586532,450008463,1,33,1
942586531,450008463,1,37,1
942586530,450008463,1,42,1
942586529,450008463,1,27,1
942586528,450008463,1,28,1
942586527,450008463,1,35,1
942586526,450008463,1,57,1
942586525,450008463,1,31,1
942586524,450008463,1,53,1
942586579,450008463,1,35,1
942586580,450008463,1,32,1
942586581,450008463,1,57,1
942586523,450008463,1,35,1
942586522,450008463,1,26,1
942586521,450008463,1,22,1
942586520,450008463,1,21,1
942586519,450008463,1,28,1
942586582,450008463,1,41,1
942586583,450008463,1,25,1
942586584,450008463,1,60,1
942586585,450008463,1,34,1
942586586,450008463,1,44,1
942586587,450008463,1,22,1
942586444,450008463,1,29,1
942586443,450008463,1,61,1
942586442,450008463,1,43,1
942586441,450008463,1,22,1
942586614,450008463,1,18,1
942586518,450008463,1,33,1
942586761,450008463,1,54,1
942586762,450008463,1,52,1
942586763,450008463,1,58,1
942586764,450008463,1,40,1
942586615,450008463,1,31,1
942586616,450008463,1,50,1
942586697,450008463,1,39,1
942586691,450008463,1,61,1
942586690,450008463,1,26,1
942586689,450008463,1,42,1
942586688,450008463,1,54,1
942586687,450008463,1,29,1
942586686,450008463,1,44,1
942586685,450008463,1,52,1
942586684,450008463,1,31,1
942586683,450008463,1,30,1
942586682,450008463,1,32,1
942586681,450008463,1,35,1
942586680,450008463,1,20,1
942586679,450008463,1,51,1
942586678,450008463,1,53,1
942586677,450008463,1,45,1
942586676,450008463,1,20,1
942586675,450008463,1,39,1
942586674,450008463,1,21,1
942586673,450008463,1,22,1
942586672,450008463,1,32,1
942586671,450008463,1,20,1
942586670,450008463,1,28,1
942586669,450008463,1,43,1
942586668,450008463,1,21,1
942586667,450008463,1,37,1
942586666,450008463,1,32,1
942586665,450008463,1,29,1
942586664,450008463,1,24,1
942586630,450008463,1,25,1
942586631,450008463,1,47,1
942586632,450008463,1,38,1
942586633,450008463,1,28,1
942586634,450008463,1,51,1
942586635,450008463,1,38,1
942586636,450008463,1,50,1
942586637,450008463,1,22,1
942586638,450008463,1,47,1
942586639,450008463,1,64,1
942586640,450008463,1,57,1
942586641,450008463,1,43,1
942586642,450008463,1,26,1
942586643,450008463,1,20,1
942586644,450008463,1,40,1
942586645,450008463,1,44,1
942586646,450008463,1,31,1
942586647,450008463,1,31,1
942586648,450008463,1,38,1
942586649,450008463,1,36,1
942586650,450008463,1,47,1
942586651,450008463,1,43,1
942586652,450008463,1,34,1
942586653,450008463,1,32,1
942586654,450008463,1,38,1
942586655,450008463,1,38,1
942586656,450008463,1,53,1
942586657,450008463,1,26,1
942586658,450008463,1,50,1
942586659,450008463,1,61,1
942586660,450008463,1,52,1
942586661,450008463,1,58,1
942586662,450008463,1,48,1
942586663,450008463,1,36,1
942586698,450008463,1,24,1
942586471,450008463,1,27,1
942586699,450008463,1,42,1
942586793,450008463,1,31,1
942586779,450008463,1,29,1
942586778,450008463,1,39,1
942586777,450008463,1,48,1
942586776,450008463,1,32,1
942586775,450008463,1,31,1
942586774,450008463,1,53,1
942586773,450008463,1,28,1
942586772,450008463,1,40,1
942586771,450008463,1,38,1
942586770,450008463,1,27,1
942586769,450008463,1,21,1
942586768,450008463,1,33,1
942586767,450008463,1,53,1
942586766,450008463,1,48,1
942586765,450008463,1,54,1
942586794,450008463,1,39,1
942586795,450008463,1,53,1
942586796,450008463,1,92,1
942586797,450008463,1,77,1
942586798,450008463,1,69,1
942586696,450008463,1,44,1
942586695,450008463,1,50,1
942586694,450008463,1,30,1
942586693,450008463,1,28,1
942586692,450008463,1,31,1
942586617,450008463,1,43,1
942586724,450008463,1,26,1
942586725,450008463,1,62,1
942586723,450008463,1,32,1
942586494,450008463,1,30,1
942586495,450008463,1,34,1
942586496,450008463,1,60,1
942586534,450008463,1,40,1
942586535,450008463,1,28,1
942586536,450008463,1,52,1
942586537,450008463,1,58,1
942586457,450008463,1,63,1
942586456,450008463,1,30,1
942586455,450008463,1,30,1
942586454,450008463,1,42,1
942586726,450008463,1,57,1
942586538,450008463,1,24,1
942586470,450008463,1,43,1
942586700,450008463,1,44,1
942586701,450008463,1,39,1
942586702,450008463,1,34,1
942586703,450008463,1,41,1
942586704,450008463,1,30,1
942586705,450008463,1,42,1
942586497,450008463,1,36,1
942586706,450008463,1,27,1
942586707,450008463,1,55,1
942586708,450008463,1,36,1
942586790,450008463,1,49,1
942586612,450008463,1,51,1
942586613,450008463,1,50,1
942586789,450008463,1,22,1
942586788,450008463,1,49,1
942586787,450008463,1,33,1
942586780,450008463,1,24,1
942586781,450008463,1,37,1
942586782,450008463,1,35,1
942586783,450008463,1,21,1
942586784,450008463,1,46,1
942586785,450008463,1,57,1
942586469,450008463,1,22,1
942586468,450008463,1,32,1
942586467,450008463,1,36,1
942586466,450008463,1,54,1
942586465,450008463,1,21,1
942586502,450008463,1,25,1
942586503,450008463,1,46,1
942586504,450008463,1,26,1
942586505,450008463,1,48,1
942586506,450008463,1,33,1
942586507,450008463,1,31,1
942586508,450008463,1,18,1
942586509,450008463,1,28,1
942586510,450008463,1,41,1
942586511,450008463,1,32,1
942586512,450008463,1,27,1
942586513,450008463,1,41,1
942586514,450008463,1,26,1
942586539,450008463,1,35,1
942586540,450008463,1,30,1
942586541,450008463,1,41,1
942586542,450008463,1,51,1
942586458,450008463,1,23,1
942586792,450008463,1,28,1
942586791,450008463,1,22,1
942586786,450008463,1,60,1
942586611,450008463,1,62,1
942586493,450008463,1,23,1
942586489,450008463,1,33,1
942586488,450008463,1,51,1
942586487,450008463,1,38,1
942586492,450008463,1,32,1
942586459,450008463,1,53,1
942586517,450008463,1,24,1
942586543,450008463,1,33,1
942586491,450008463,1,31,1
942586727,450008463,1,26,1
942586728,450008463,1,37,1
942586729,450008463,1,30,1
942586730,450008463,1,54,1
942586738,450008463,1,24,1
942586739,450008463,1,52,1
942586740,450008463,1,56,1
942586741,450008463,1,25,1
942586742,450008463,1,47,1
942586743,450008463,1,31,1
942586744,450008463,1,44,1
942586745,450008463,1,20,1
942586746,450008463,1,32,1
942586747,450008463,1,28,1
942586748,450008463,1,49,1
942586749,450008463,1,27,1
942586750,450008463,1,45,1
942586751,450008463,1,35,1
942586752,450008463,1,37,1
942586753,450008463,1,30,1
942586754,450008463,1,46,1
942586755,450008463,1,54,1
942586756,450008463,1,30,1
942586757,450008463,1,41,1
942586758,450008463,1,39,1
942586759,450008463,1,26,1
942586760,450008463,1,36,1
942586544,450008463,1,59,1
942586545,450008463,1,21,1
942586546,450008463,1,26,1
942586547,450008463,1,28,1
942586548,450008463,1,37,1
942586549,450008463,1,18,1
942586848,450022084,1,39,2
942586857,450022084,1,42,2
942586856,450022084,1,39,2
942586860,450022084,1,43,2
942586813,450022084,1,59,2
942586814,450022084,1,21,2
942586815,450022084,1,43,2
942586816,450022084,1,55,2
942586817,450022084,1,35,2
942586818,450022084,1,42,2
942586819,450022084,1,39,2
942586820,450022084,1,22,2
942586821,450022084,1,33,2
942586822,450022084,1,34,2
942586823,450022084,1,29,2
942586875,450022084,1,25,2
942586874,450022084,1,19,2
942586873,450022084,1,54,2
942586872,450022084,1,61,2
942586871,450022084,1,19,2
942586870,450022084,1,37,2
942586869,450022084,1,23,2
942586868,450022084,1,32,2
942586867,450022084,1,40,2
942586866,450022084,1,20,2
942586865,450022084,1,38,2
942586864,450022084,1,29,2
942586863,450022084,1,24,2
942586862,450022084,1,42,2
942586861,450022084,1,39,2
942586824,450022084,1,27,2
942586825,450022084,1,36,2
942586826,450022084,1,47,2
942586827,450022084,1,30,2
942586828,450022084,1,34,2
942586829,450022084,1,32,2
942586830,450022084,1,60,2
942586831,450022084,1,37,2
942586832,450022084,1,22,2
942586833,450022084,1,21,2
942586859,450022084,1,27,2
942586858,450022084,1,29,2
942586834,450022084,1,19,2
942586835,450022084,1,42,2
942586836,450022084,1,21,2
942586837,450022084,1,26,2
942586838,450022084,1,32,2
942586839,450022084,1,48,2
942586840,450022084,1,42,2
942586841,450022084,1,44,2
942586842,450022084,1,20,2
942586843,450022084,1,21,2
942586812,450022084,1,40,2
942586811,450022084,1,49,2
942586810,450022084,1,44,2
942586809,450022084,1,56,2
942586808,450022084,1,52,2
942586807,450022084,1,31,2
942586806,450022084,1,25,2
942586805,450022084,1,22,2
942586804,450022084,1,29,2
942586803,450022084,1,54,2
942586802,450022084,1,35,2
942586801,450022084,1,31,2
942586844,450022084,1,40,2
942586845,450022084,1,45,2
942586846,450022084,1,37,2
942586847,450022084,1,38,2
942586849,450022084,1,53,2
942586850,450022084,1,39,2
942586851,450022084,1,48,2
942586852,450022084,1,51,2
942586853,450022084,1,29,2
942586854,450022084,1,42,2
942586800,450022084,1,47,2
942586799,450022084,1,40,2
942586855,450022084,1,37,2
940755233,450046476,1,95,1
940755232,450046476,1,87,1
940755231,450046476,1,80,1
940755228,450046476,1,91,1
940755227,450046476,1,83,1
940755226,450046476,1,79,1
940755225,450046476,1,80,1
940755224,450046476,1,85,1
940755254,450046476,1,85,1
940755253,450046476,1,82,1
940755252,450046476,1,77,1
940755251,450046476,1,74,1
940755250,450046476,1,89,1
940755249,450046476,1,83,1
940755248,450046476,1,73,1
940755247,450046476,1,66,1
940755246,450046476,1,89,1
940755245,450046476,1,87,1
940755244,450046476,1,66,1
940755243,450046476,1,85,1
940755242,450046476,1,70,1
940755241,450046476,1,68,1
940755240,450046476,1,74,1
940409734,450046476,1,39,1
940409735,450046476,1,37,1
940409736,450046476,1,63,1
940409737,450046476,1,49,1
940755229,450046476,1,81,1
940755230,450046476,1,80,1
940409738,450046476,1,64,1
940409739,450046476,1,62,1
940409740,450046476,1,55,1
940409741,450046476,1,57,1
940755239,450046476,1,79,1
940755238,450046476,1,89,1
940755237,450046476,1,87,1
940755236,450046476,1,69,1
940755235,450046476,1,65,1
940755234,450046476,1,93,1
940319597,450030648,1,58,1
939619149,450030648,1,87,2
939619148,450030648,1,89,2
940516468,450030648,1,82,1
940516467,450030648,1,67,1
940516466,450030648,1,76,1
940516465,450030648,1,77,1
940516464,450030648,1,89,1
940516463,450030648,1,76,1
940516462,450030648,1,96,1
940516461,450030648,1,81,1
939619155,450030648,1,84,2
939619147,450030648,1,66,2
939619146,450030648,1,88,2
940516460,450030648,1,65,1
940516459,450030648,1,90,1
940516458,450030648,1,69,1
940516457,450030648,1,88,1
940516456,450030648,1,75,1
939619169,450030648,1,76,2
939619168,450030648,1,87,2
939619167,450030648,1,88,2
939619166,450030648,1,80,2
939619165,450030648,1,100,2
939619164,450030648,1,79,2
940516455,450030648,1,87,1
939619141,450030648,1,86,2
939619142,450030648,1,76,2
939619143,450030648,1,86,2
939619150,450030648,1,86,2
940319598,450030648,1,64,1
940319599,450030648,1,25,1
939375317,450030648,1,42,2
939375399,450030648,1,61,2
939375400,450030648,1,58,2
939619163,450030648,1,82,2
939619145,450030648,1,100,2
939375401,450030648,1,52,2
939375402,450030648,1,63,2
939619156,450030648,1,86,2
939619157,450030648,1,89,2
939619158,450030648,1,78,2
939619159,450030648,1,94,2
939619160,450030648,1,101,2
939619161,450030648,1,86,2
939619162,450030648,1,85,2
939619154,450030648,1,75,2
939619144,450030648,1,78,2
939619153,450030648,1,76,2
939619152,450030648,1,78,2
939619151,450030648,1,88,2
940516482,450030649,1,70,1
939619198,450030649,1,89,2
939619197,450030649,1,83,2
940516473,450030649,1,80,1
940516472,450030649,1,82,1
940516471,450030649,1,90,1
940516470,450030649,1,71,1
940516469,450030649,1,75,1
939619196,450030649,1,69,2
939619195,450030649,1,86,2
939619194,450030649,1,94,2
939619193,450030649,1,88,2
939619192,450030649,1,87,2
939619191,450030649,1,67,2
939619190,450030649,1,90,2
939619189,450030649,1,67,2
939619188,450030649,1,90,2
939619187,450030649,1,89,2
939619186,450030649,1,78,2
939619185,450030649,1,87,2
939619184,450030649,1,86,2
939375403,450030649,1,63,2
939375404,450030649,1,52,2
939375405,450030649,1,45,2
939619175,450030649,1,66,2
939619176,450030649,1,99,2
939619177,450030649,1,89,2
939619174,450030649,1,94,2
939619173,450030649,1,88,2
939619172,450030649,1,88,2
939619171,450030649,1,81,2
939619178,450030649,1,78,2
939619170,450030649,1,69,2
940319600,450030649,1,60,1
940319601,450030649,1,55,1
940319602,450030649,1,60,1
939375406,450030649,1,46,2
939375407,450030649,1,57,2
939619183,450030649,1,83,2
939619182,450030649,1,90,2
940516474,450030649,1,87,1
940516475,450030649,1,85,1
940516476,450030649,1,67,1
940516477,450030649,1,82,1
939619181,450030649,1,93,2
939619180,450030649,1,84,2
939619179,450030649,1,88,2
940516478,450030649,1,68,1
940516479,450030649,1,79,1
940516480,450030649,1,90,1
940516481,450030649,1,77,1
939852178,450036458,1,76,2
939852171,450036458,1,90,2
939852172,450036458,1,80,2
939852173,450036458,1,80,2
939852174,450036458,1,77,2
939852175,450036458,1,78,2
939852176,450036458,1,95,2
939852177,450036458,1,86,2
939852179,450036458,1,99,2
939852180,450036458,1,88,2
939852181,450036458,1,79,2
939852182,450036458,1,79,2
939852183,450036458,1,84,2
939852184,450036458,1,77,2
939852185,450036458,1,97,2
939852186,450036458,1,81,2
939852187,450036458,1,87,2
940353017,450036458,1,60,1
940353018,450036458,1,48,1
939852188,450036458,1,83,2
939852189,450036458,1,99,2
939852190,450036458,1,91,2
939852191,450036458,1,80,2
939852192,450036458,1,87,2
939852193,450036458,1,84,2
939852194,450036458,1,82,2
939852166,450036458,1,90,2
939852167,450036458,1,90,2
939852168,450036458,1,94,2
939852169,450036458,1,97,2
939852170,450036458,1,86,2
940608455,450036458,1,79,1
940608454,450036458,1,90,1
940608453,450036458,1,88,1
940608452,450036458,1,76,1
940608451,450036458,1,71,1
940608450,450036458,1,75,1
940608449,450036458,1,69,1
940608448,450036458,1,66,1
940608447,450036458,1,88,1
940608446,450036458,1,96,1
940608445,450036458,1,100,1
940608444,450036458,1,96,1
940608443,450036458,1,87,1
939357514,450036458,1,62,2
939357515,450036458,1,51,2
939357516,450036458,1,62,2
939357517,450036458,1,60,2
939357518,450036458,1,57,2
942586429,450022085,1,17,1
942586430,450022085,1,17,1
942586431,450022085,1,17,1
942586432,450022085,1,16,1
942586433,450022085,1,53,1
942586428,450022085,1,17,1
942586421,450022086,1,17,1
942586422,450022086,1,17,1
942586423,450022086,1,16,1
942586424,450022086,1,16,1
942586425,450022086,1,57,1
942586426,450022086,1,34,1
942586427,450022086,1,32,1
942586416,450022086,1,17,1
942586417,450022086,1,16,1
942586418,450022086,1,17,1
942586419,450022086,1,17,1
942586420,450022086,1,17,1
939619744,450030650,1,105,2
939619745,450030650,1,77,2
939619746,450030650,1,84,2
939619747,450030650,1,73,2
939619748,450030650,1,89,2
939619749,450030650,1,84,2
939619750,450030650,1,77,2
940516638,450030650,1,104,1
940516637,450030650,1,82,1
940516636,450030650,1,100,1
940516635,450030650,1,82,1
940516634,450030650,1,70,1
940516633,450030650,1,83,1
940516632,450030650,1,69,1
940516631,450030650,1,90,1
940516630,450030650,1,75,1
940516629,450030650,1,77,1
940516628,450030650,1,70,1
939619809,450030650,1,85,2
939375437,450030650,1,58,2
939375438,450030650,1,57,2
939619826,450030650,1,84,2
939619828,450030650,1,94,2
939619829,450030650,1,87,2
939619830,450030650,1,78,2
939619831,450030650,1,71,2
939619832,450030650,1,97,2
939619751,450030650,1,103,2
939619752,450030650,1,84,2
939619753,450030650,1,75,2
939619754,450030650,1,67,2
939619755,450030650,1,87,2
939619756,450030650,1,88,2
939619757,450030650,1,89,2
939619758,450030650,1,104,2
939619740,450030650,1,94,2
939619741,450030650,1,90,2
939619742,450030650,1,87,2
939619743,450030650,1,86,2
939619798,450030650,1,87,2
939619799,450030650,1,92,2
939619800,450030650,1,90,2
939619801,450030650,1,89,2
939619802,450030650,1,78,2
939619803,450030650,1,88,2
939619804,450030650,1,83,2
939619805,450030650,1,95,2
939619806,450030650,1,84,2
939619807,450030650,1,99,2
939619808,450030650,1,83,2
939619810,450030650,1,67,2
940516648,450030650,1,82,1
939619811,450030650,1,90,2
939619812,450030650,1,85,2
939619813,450030650,1,89,2
939619814,450030650,1,83,2
939619815,450030650,1,75,2
939619816,450030650,1,97,2
939619817,450030650,1,87,2
939619818,450030650,1,81,2
940516647,450030650,1,87,1
940516646,450030650,1,73,1
940516645,450030650,1,77,1
940516644,450030650,1,104,1
940516643,450030650,1,90,1
940516642,450030650,1,89,1
940516641,450030650,1,82,1
940516640,450030650,1,77,1
940516639,450030650,1,103,1
939619819,450030650,1,78,2
939619820,450030650,1,98,2
939619821,450030650,1,86,2
939619822,450030650,1,76,2
939619823,450030650,1,87,2
939619824,450030650,1,86,2
939619825,450030650,1,98,2
939619827,450030650,1,72,2
939619775,450030650,1,77,2
939619736,450030650,1,83,2
939619737,450030650,1,87,2
939619738,450030650,1,83,2
939619759,450030650,1,79,2
939619760,450030650,1,88,2
939619761,450030650,1,85,2
939619762,450030650,1,84,2
939619763,450030650,1,95,2
939619764,450030650,1,81,2
939619765,450030650,1,86,2
939619766,450030650,1,92,2
939619767,450030650,1,95,2
939619768,450030650,1,83,2
939619769,450030650,1,86,2
939619770,450030650,1,72,2
939619739,450030650,1,95,2
939619771,450030650,1,95,2
939619772,450030650,1,87,2
939619773,450030650,1,90,2
939619774,450030650,1,82,2
939619776,450030650,1,76,2
939619777,450030650,1,75,2
939619778,450030650,1,93,2
939619779,450030650,1,90,2
939619780,450030650,1,88,2
939619781,450030650,1,93,2
939619782,450030650,1,85,2
939619783,450030650,1,82,2
939619784,450030650,1,86,2
939619785,450030650,1,83,2
939619786,450030650,1,86,2
939619787,450030650,1,93,2
939619788,450030650,1,87,2
939619789,450030650,1,90,2
939619790,450030650,1,87,2
939619791,450030650,1,103,2
939619792,450030650,1,88,2
939619793,450030650,1,66,2
939619794,450030650,1,88,2
940516650,450030650,1,83,1
940516649,450030650,1,81,1
939619795,450030650,1,87,2
939619796,450030650,1,82,2
939619797,450030650,1,90,2
940666407,450040319,1,68,1
939328314,450040319,1,41,2
940666406,450040319,1,86,1
940001536,450040319,1,97,2
940001535,450040319,1,92,2
940001534,450040319,1,65,2
940001533,450040319,1,71,2
939328312,450040319,1,61,2
940001532,450040319,1,84,2
940001531,450040319,1,84,2
940666404,450040319,1,91,1
940666403,450040319,1,78,1
940666402,450040319,1,82,1
940001530,450040319,1,82,2
940001529,450040319,1,87,2
940666405,450040319,1,65,1
940001539,450040319,1,71,2
940001540,450040319,1,91,2
940001541,450040319,1,69,2
940001517,450040319,1,80,2
940373757,450040319,1,31,1
940001528,450040319,1,89,2
940001527,450040319,1,87,2
940001526,450040319,1,95,2
940001525,450040319,1,85,2
940001524,450040319,1,89,2
940001523,450040319,1,72,2
940001522,450040319,1,66,2
940001521,450040319,1,95,2
940001520,450040319,1,88,2
940001519,450040319,1,91,2
940001518,450040319,1,70,2
940666408,450040319,1,70,1
940666409,450040319,1,77,1
940373758,450040319,1,30,1
939328313,450040319,1,60,2
940001538,450040319,1,88,2
940001537,450040319,1,81,2
939852554,450036459,1,90,2
939852524,450036459,1,100,2
940608553,450036459,1,81,1
940608552,450036459,1,81,1
940608551,450036459,1,90,1
940608550,450036459,1,85,1
940608549,450036459,1,86,1
940608548,450036459,1,76,1
940608547,450036459,1,68,1
939852510,450036459,1,94,2
939852536,450036459,1,95,2
939852535,450036459,1,72,2
939852534,450036459,1,83,2
939852533,450036459,1,77,2
939852532,450036459,1,86,2
939852531,450036459,1,78,2
939852530,450036459,1,82,2
939852529,450036459,1,77,2
939852557,450036459,1,85,2
939852556,450036459,1,79,2
939852555,450036459,1,99,2
939852523,450036459,1,83,2
939852553,450036459,1,81,2
939852551,450036459,1,83,2
939852525,450036459,1,74,2
939852526,450036459,1,87,2
939852527,450036459,1,93,2
939852528,450036459,1,77,2
940353027,450036459,1,59,1
940353026,450036459,1,60,1
940608554,450036459,1,88,1
940608555,450036459,1,89,1
940608556,450036459,1,68,1
940608557,450036459,1,79,1
940608558,450036459,1,81,1
940608559,450036459,1,66,1
940608560,450036459,1,84,1
940608561,450036459,1,65,1
939852511,450036459,1,75,2
939852512,450036459,1,89,2
939852514,450036459,1,87,2
939852515,450036459,1,92,2
939852520,450036459,1,84,2
939852519,450036459,1,85,2
939852518,450036459,1,69,2
939852516,450036459,1,90,2
939852517,450036459,1,81,2
939852513,450036459,1,89,2
939852546,450036459,1,77,2
939852509,450036459,1,90,2
939852552,450036459,1,99,2
939852550,450036459,1,88,2
939852549,450036459,1,75,2
939852548,450036459,1,90,2
939852547,450036459,1,100,2
939852508,450036459,1,84,2
939852545,450036459,1,93,2
939852544,450036459,1,88,2
939852543,450036459,1,73,2
939852542,450036459,1,82,2
939852541,450036459,1,71,2
939852540,450036459,1,79,2
939852539,450036459,1,81,2
939852538,450036459,1,86,2
939852537,450036459,1,88,2
939852521,450036459,1,88,2
939852522,450036459,1,88,2
940216774,450046477,1,84,2
940216773,450046477,1,89,2
940755006,450046477,1,80,1
940755005,450046477,1,77,1
940755001,450046477,1,72,1
940755000,450046477,1,73,1
940755017,450046477,1,86,1
940755018,450046477,1,72,1
940755019,450046477,1,79,1
940216854,450046477,1,65,2
940216853,450046477,1,90,2
940216852,450046477,1,81,2
940216851,450046477,1,75,2
940216850,450046477,1,87,2
940216849,450046477,1,89,2
940216848,450046477,1,80,2
940216847,450046477,1,89,2
940216846,450046477,1,85,2
940216845,450046477,1,100,2
940216844,450046477,1,87,2
940216843,450046477,1,83,2
940216842,450046477,1,90,2
940216841,450046477,1,94,2
940216840,450046477,1,90,2
940216839,450046477,1,81,2
940216838,450046477,1,85,2
940216837,450046477,1,78,2
940216836,450046477,1,83,2
940216835,450046477,1,81,2
940216834,450046477,1,86,2
940216833,450046477,1,79,2
940216832,450046477,1,84,2
940216831,450046477,1,78,2
940216830,450046477,1,85,2
940216829,450046477,1,86,2
940216828,450046477,1,75,2
940216827,450046477,1,84,2
940216826,450046477,1,84,2
940216825,450046477,1,90,2
940216824,450046477,1,87,2
940216823,450046477,1,78,2
940216822,450046477,1,65,2
940216821,450046477,1,88,2
940216820,450046477,1,74,2
940216819,450046477,1,85,2
940216818,450046477,1,86,2
940216817,450046477,1,78,2
940216816,450046477,1,90,2
940216815,450046477,1,85,2
940216814,450046477,1,88,2
940216813,450046477,1,88,2
940216812,450046477,1,97,2
940216811,450046477,1,91,2
940216810,450046477,1,75,2
940216809,450046477,1,81,2
940216808,450046477,1,85,2
940216807,450046477,1,82,2
940216806,450046477,1,76,2
940216805,450046477,1,95,2
940216804,450046477,1,81,2
940216803,450046477,1,84,2
940216802,450046477,1,76,2
940216801,450046477,1,81,2
940216800,450046477,1,66,2
940216799,450046477,1,86,2
940216798,450046477,1,93,2
940216797,450046477,1,87,2
940216796,450046477,1,76,2
940216795,450046477,1,67,2
940216794,450046477,1,65,2
940216793,450046477,1,87,2
940216860,450046477,1,86,2
940216859,450046477,1,91,2
940216858,450046477,1,85,2
940216857,450046477,1,69,2
940216856,450046477,1,89,2
940755002,450046477,1,89,1
940755003,450046477,1,68,1
940755004,450046477,1,83,1
940216792,450046477,1,91,2
940216791,450046477,1,92,2
940216790,450046477,1,85,2
940216789,450046477,1,81,2
940216788,450046477,1,83,2
940216855,450046477,1,78,2
940755016,450046477,1,70,1
940755015,450046477,1,81,1
940755014,450046477,1,102,1
940755013,450046477,1,89,1
940755012,450046477,1,87,1
940755011,450046477,1,85,1
940755010,450046477,1,82,1
940755009,450046477,1,79,1
940755008,450046477,1,86,1
940755007,450046477,1,84,1
940216787,450046477,1,82,2
940216786,450046477,1,75,2
940216785,450046477,1,84,2
940216784,450046477,1,89,2
940216783,450046477,1,90,2
940216782,450046477,1,87,2
940216781,450046477,1,72,2
940216780,450046477,1,76,2
940216779,450046477,1,86,2
940216778,450046477,1,83,2
940216777,450046477,1,76,2
940216776,450046477,1,75,2
940216775,450046477,1,87,2
