stcotrbg,count_of_households,size_accuracy,age_accuracy,income_accuracy,race_accuracy,overall_accuracy
"420030103002",1,0.00,0.00,0.00,0.00,0.00
"420030103003",149,0.51,0.60,0.61,0.80,2.52
"420030103004",132,0.25,0.80,0.61,1.60,3.26
"420030201001",278,0.38,0.61,0.79,0.00,1.78
"420030201002",753,0.26,0.62,1.09,0.51,2.48
"420030201004",539,1.39,1.24,1.51,0.62,4.76
"420030201006",308,1.71,0.54,1.24,0.60,4.09
"420030203001",403,0.58,1.00,0.57,0.80,2.95
"420030305001",716,0.48,1.41,0.95,0.92,3.76
"420030305002",438,0.89,0.69,1.28,1.00,3.86
"420030402001",413,1.11,0.66,0.99,0.82,3.58
"420030402002",181,0.42,0.39,1.26,2.03,4.10
"420030404001",359,0.87,1.19,1.64,1.00,4.70
"420030404002",1010,1.57,0.89,2.78,2.00,7.24
"420030405001",607,1.35,0.30,0.63,0.86,3.14
"420030405002",693,1.70,1.76,1.79,0.76,6.01
"420030406001",1084,2.02,0.60,1.85,3.78,8.25
"420030409001",504,0.80,1.61,0.62,0.93,3.96
"420030409002",512,0.82,0.93,2.96,1.36,6.07
"420030409003",305,1.01,1.22,0.94,1.20,4.37
"420030501001",277,1.04,1.04,0.58,1.00,3.66
"420030501002",241,1.23,0.48,0.24,0.00,1.95
"420030501003",402,1.25,0.97,0.73,1.40,4.35
"420030506001",501,0.28,0.53,1.13,2.85,4.79
"420030506002",229,1.10,0.61,0.63,0.00,2.34
"420030506003",286,1.08,1.08,0.63,0.36,3.15
"420030509001",651,2.00,0.70,0.96,1.19,4.85
"420030510001",512,1.26,0.64,1.81,0.90,4.61
"420030510002",219,1.41,0.46,1.38,0.00,3.25
"420030511001",535,1.13,0.98,1.54,1.20,4.85
"420030603001",537,0.37,0.87,1.11,1.00,3.35
"420030603002",643,1.32,1.03,0.85,0.59,3.79
"420030605001",406,1.42,1.21,1.83,0.80,5.26
"420030605002",291,0.47,0.99,0.70,1.13,3.29
"420030703001",424,0.13,1.03,2.08,1.17,4.41
"420030703002",391,0.40,0.92,1.10,3.43,5.85
"420030703003",363,1.78,0.65,1.63,0.36,4.42
"420030705001",725,1.21,0.99,1.39,2.12,5.71
"420030705002",455,0.49,0.67,0.97,2.42,4.55
"420030705003",651,4.41,0.91,1.41,3.28,10.01
"420030706001",546,0.29,1.16,1.82,1.20,4.47
"420030706002",742,0.39,0.79,1.23,0.97,3.38
"420030708001",450,0.17,1.25,0.67,0.70,2.79
"420030708002",571,2.20,0.74,2.07,1.17,6.18
"420030709001",1035,2.97,1.05,2.14,1.42,7.58
"420030709002",435,0.63,1.04,0.76,1.27,3.70
"420030709003",451,0.38,2.07,1.26,0.42,4.13
"420030709004",798,1.70,1.35,1.61,1.22,5.88
"420030802001",563,1.82,0.90,1.17,0.21,4.10
"420030802002",333,1.48,0.67,2.35,0.00,4.50
"420030804001",342,0.82,0.52,0.69,1.00,3.03
"420030804002",413,0.68,1.27,1.67,0.63,4.25
"420030806001",686,1.08,1.73,0.93,1.49,5.23
"420030806002",426,0.13,0.75,2.50,0.49,3.87
"420030807001",482,0.75,0.50,0.79,4.08,6.12
"420030807002",589,0.52,1.28,1.17,1.84,4.81
"420030809001",539,0.71,0.99,0.43,0.57,2.70
"420030809002",424,0.56,0.63,1.10,1.26,3.55
"420030901001",673,2.77,0.79,1.37,3.27,8.20
"420030901002",249,0.93,0.51,0.87,0.40,2.71
"420030902001",443,1.71,1.02,1.65,0.20,4.58
"420030902002",529,1.35,1.14,1.23,3.67,7.39
"420030902003",397,1.50,0.45,1.30,0.00,3.25
"420030903001",575,1.02,0.82,1.33,0.21,3.38
"420030903002",271,1.81,0.42,0.87,0.39,3.49
"420031005001",359,1.13,0.74,1.61,1.83,5.31
"420031005002",556,1.28,1.62,1.71,1.49,6.10
"420031011001",578,0.74,0.88,2.11,1.18,4.91
"420031011002",293,1.02,1.35,1.40,0.38,4.15
"420031011003",297,0.72,0.86,0.86,0.60,3.04
"420031014001",511,1.26,0.45,0.94,1.80,4.45
"420031014002",316,0.87,0.63,0.56,0.40,2.46
"420031014003",380,1.03,0.26,0.55,0.98,2.82
"420031014004",319,0.88,0.42,1.25,0.20,2.75
"420031016001",310,1.64,0.55,1.09,0.60,3.88
"420031017001",270,0.76,1.70,0.76,2.64,5.86
"420031017002",350,0.94,1.20,1.60,1.23,4.97
"420031018001",461,0.67,0.36,1.39,0.60,3.02
"420031018002",721,2.72,0.77,1.21,0.92,5.62
"420031102001",428,0.46,0.61,0.77,3.26,5.10
"420031102002",377,1.51,0.68,1.07,1.38,4.64
"420031102003",611,0.90,2.00,0.61,0.46,3.97
"420031102004",544,0.93,1.40,1.26,1.68,5.27
"420031106001",408,0.97,2.05,1.28,0.80,5.10
"420031106002",303,0.80,0.96,0.33,0.00,2.09
"420031106003",323,0.63,0.65,1.39,0.75,3.42
"420031113001",368,0.61,0.39,1.25,2.00,4.25
"420031113002",275,0.47,1.13,0.63,2.00,4.23
"420031113003",282,0.63,0.24,1.02,1.00,2.89
"420031113004",312,0.54,0.28,0.44,0.70,1.96
"420031114001",257,0.42,0.29,0.59,0.20,1.50
"420031114002",329,0.33,0.61,0.57,0.76,2.27
"420031115001",425,0.54,0.46,0.58,1.50,3.08
"420031115002",1046,2.91,0.80,0.91,0.59,5.21
"420031115004",343,0.49,0.92,0.54,1.20,3.15
"420031203001",421,0.45,0.47,1.58,2.00,4.50
"420031203002",297,0.64,0.25,1.23,0.00,2.12
"420031204001",215,0.72,0.78,0.75,0.00,2.25
"420031204002",151,0.32,0.00,0.55,0.80,1.67
"420031207001",258,1.39,0.45,1.30,0.40,3.54
"420031207002",156,0.46,0.54,0.96,0.40,2.36
"420031208001",132,0.45,0.36,0.89,1.04,2.74
"420031208002",164,0.35,0.32,0.55,0.20,1.42
"420031301001",315,0.31,0.52,0.93,0.00,1.76
"420031301002",213,0.72,0.62,1.22,0.00,2.56
"420031301003",237,0.23,1.01,1.08,0.20,2.52
"420031302001",233,0.77,0.28,0.47,0.40,1.92
"420031302002",296,0.70,0.56,1.63,0.20,3.09
"420031303001",188,0.77,0.52,0.51,0.80,2.60
"420031303002",125,0.19,0.21,0.20,0.22,0.82
"420031303003",279,0.82,0.67,0.83,1.60,3.92
"420031304001",164,1.00,0.38,1.13,0.00,2.51
"420031304002",197,0.39,0.68,0.58,0.00,1.65
"420031304003",126,0.25,0.35,0.41,0.20,1.21
"420031306001",250,0.67,1.52,0.96,0.40,3.55
"420031306002",315,0.57,0.65,1.20,1.58,4.00
"420031306003",753,1.36,1.42,1.47,2.50,6.75
"420031401001",427,0.82,1.00,2.03,1.20,5.05
"420031401002",449,1.89,0.51,0.83,1.48,4.71
"420031401004",153,0.89,0.72,0.53,1.60,3.74
"420031402001",315,0.50,0.74,1.21,1.06,3.51
"420031402002",775,2.09,1.05,2.43,3.22,8.79
"420031403001",359,1.38,0.98,0.84,0.99,4.19
"420031403002",479,0.51,0.85,1.02,1.14,3.52
"420031403003",363,0.82,0.93,0.89,0.77,3.41
"420031403004",300,0.24,1.61,1.93,0.60,4.38
"420031404001",306,0.58,0.49,1.26,0.21,2.54
"420031404002",253,0.46,0.33,0.83,0.00,1.62
"420031404003",389,1.53,1.29,0.56,0.20,3.58
"420031405001",400,2.81,1.00,0.90,0.80,5.51
"420031405002",252,0.97,0.61,0.45,0.24,2.27
"420031405003",387,0.60,0.93,0.73,1.94,4.20
"420031406001",567,1.41,1.05,0.33,3.31,6.10
"420031406002",333,0.46,0.52,1.32,1.07,3.37
"420031406003",510,0.78,1.44,0.44,1.18,3.84
"420031408001",809,1.72,1.39,0.81,1.04,4.96
"420031408002",722,1.28,1.30,0.79,0.71,4.08
"420031408003",420,0.92,1.19,0.67,0.40,3.18
"420031410001",456,0.27,1.36,0.89,0.97,3.49
"420031411001",602,1.50,0.37,0.61,0.02,2.50
"420031413001",667,1.64,1.07,1.03,0.00,3.74
"420031413002",793,1.32,0.71,0.57,1.00,3.60
"420031413003",1004,1.49,1.34,3.03,3.50,9.36
"420031414001",447,1.73,0.73,1.21,2.68,6.35
"420031414002",278,0.49,0.83,0.78,0.00,2.10
"420031414003",424,0.80,0.79,0.82,0.09,2.50
"420031414004",919,2.09,0.58,2.37,3.37,8.41
"420031414005",607,0.74,2.01,2.29,1.17,6.21
"420031516001",532,0.46,0.86,1.34,1.60,4.26
"420031516002",367,0.83,0.77,1.25,0.35,3.20
"420031516003",218,0.22,0.55,0.73,0.00,1.50
"420031517001",440,0.72,0.30,0.96,1.06,3.04
"420031517002",321,0.35,1.09,1.05,0.80,3.29
"420031517003",373,1.29,0.30,0.78,1.44,3.81
"420031517004",293,1.48,0.83,2.60,0.00,4.91
"420031517005",422,0.65,1.22,1.57,0.23,3.67
"420031517006",512,2.54,0.48,1.05,0.60,4.67
"420031608001",246,0.33,0.66,1.16,0.40,2.55
"420031608002",319,0.70,0.51,0.52,0.40,2.13
"420031608003",317,0.78,0.70,0.72,1.11,3.31
"420031608004",346,0.41,0.76,1.50,1.54,4.21
"420031609001",525,1.02,0.73,0.80,1.60,4.15
"420031609002",1187,2.65,1.98,1.20,0.79,6.62
"420031702001",358,0.58,0.74,0.71,0.40,2.43
"420031702002",448,2.04,0.65,0.95,0.00,3.64
"420031702003",691,1.18,0.76,1.04,2.00,4.98
"420031702004",566,2.48,1.18,1.47,0.80,5.93
"420031706001",243,0.40,0.89,0.92,0.00,2.21
"420031706002",351,0.71,0.73,1.36,0.80,3.60
"420031706003",308,1.26,0.86,0.74,0.60,3.46
"420031803001",515,1.17,1.21,1.35,1.96,5.69
"420031803002",244,0.73,0.44,1.13,0.60,2.90
"420031803003",274,1.01,0.78,0.42,4.09,6.30
"420031807001",319,1.18,0.53,0.87,0.00,2.58
"420031807002",301,0.77,0.86,0.99,0.00,2.62
"420031807003",280,0.99,0.72,0.25,0.39,2.35
"420031903001",646,1.41,1.32,1.92,1.96,6.61
"420031903002",414,2.09,0.65,1.05,0.23,4.02
"420031911001",453,0.66,0.63,0.47,0.19,1.95
"420031911002",783,0.40,1.08,2.99,1.16,5.63
"420031914001",858,2.12,1.12,1.98,1.80,7.02
"420031914002",634,2.11,0.79,2.68,2.40,7.98
"420031915001",343,0.48,0.77,0.61,0.00,1.86
"420031915002",673,1.39,0.80,1.37,2.06,5.62
"420031916001",391,1.12,0.48,0.87,0.20,2.67
"420031916002",329,0.38,0.83,1.39,0.80,3.40
"420031916003",290,0.60,0.56,1.05,0.44,2.65
"420031916004",377,0.60,0.55,0.87,0.60,2.62
"420031916005",464,0.70,1.44,1.12,2.54,5.80
"420031917001",986,1.23,1.86,1.48,1.68,6.25
"420031917002",250,1.27,0.61,1.01,1.00,3.89
"420031917003",326,0.24,0.80,0.75,0.00,1.79
"420031918001",307,0.43,0.66,0.86,0.00,1.95
"420031918002",289,0.56,0.85,1.02,0.00,2.43
"420031918003",316,1.44,0.85,1.33,1.00,4.62
"420031918004",344,0.49,0.53,0.73,1.40,3.15
"420031918005",316,1.17,0.44,0.59,0.00,2.20
"420031918006",425,0.83,0.60,0.99,0.00,2.42
"420031918007",405,0.49,1.09,2.19,0.00,3.77
"420031919001",340,1.08,0.60,0.63,0.00,2.31
"420031919002",377,1.01,0.65,1.58,0.40,3.64
"420031919003",281,0.71,0.23,0.76,0.00,1.70
"420031920001",344,0.31,1.22,0.95,0.00,2.48
"420031920002",288,1.17,1.77,0.76,0.20,3.90
"420031920003",331,0.97,0.85,0.38,0.40,2.60
"420031920004",429,0.84,1.03,0.78,0.23,2.88
"420031920005",273,1.52,1.51,1.36,2.00,6.39
"420032022001",577,1.19,0.53,0.96,1.75,4.43
"420032022002",220,0.20,0.70,0.46,0.00,1.36
"420032022003",288,1.42,0.52,1.05,0.65,3.64
"420032023001",456,1.10,0.78,1.36,1.47,4.71
"420032023002",472,0.89,0.92,1.19,0.00,3.00
"420032023003",360,1.08,1.00,1.20,1.80,5.08
"420032023004",733,2.57,0.77,1.58,0.56,5.48
"420032107001",702,0.97,1.00,1.12,1.34,4.43
"420032107002",334,1.08,1.00,1.13,2.09,5.30
"420032206001",873,1.14,0.73,1.80,0.14,3.81
"420032206002",187,0.75,0.55,0.51,4.00,5.81
"420032406001",769,2.99,1.91,1.42,0.62,6.94
"420032406002",580,0.55,0.60,1.14,2.29,4.58
"420032412001",167,1.07,0.63,0.72,0.20,2.62
"420032412002",245,0.90,0.56,0.72,1.20,3.38
"420032503001",527,1.58,1.50,1.33,2.00,6.41
"420032507001",312,0.88,0.45,1.13,3.40,5.86
"420032509001",364,1.72,2.52,1.44,0.40,6.08
"420032509002",248,0.25,0.81,0.84,0.60,2.50
"420032602001",282,0.80,1.06,1.11,1.60,4.57
"420032602002",418,0.81,0.32,0.65,0.24,2.02
"420032602003",235,0.52,0.26,1.10,1.80,3.68
"420032607001",316,1.43,0.80,1.45,0.00,3.68
"420032607002",414,0.56,0.24,1.29,1.79,3.88
"420032609001",460,0.97,1.09,1.59,0.21,3.86
"420032612001",481,2.18,0.61,1.37,0.80,4.96
"420032614001",264,0.71,0.47,0.43,0.60,2.21
"420032614002",236,0.43,0.25,0.71,1.53,2.92
"420032614003",319,0.35,0.86,1.12,0.77,3.10
"420032614004",228,0.63,0.33,0.72,3.40,5.08
"420032615001",372,1.46,0.39,1.98,0.33,4.16
"420032615002",387,0.52,0.70,1.38,1.05,3.65
"420032620001",581,0.80,0.76,0.63,0.60,2.79
"420032620002",285,0.83,1.36,1.26,0.20,3.65
"420032620003",294,0.42,0.83,1.52,1.00,3.77
"420032701001",669,2.36,1.69,1.69,0.44,6.18
"420032701002",474,1.14,0.54,1.36,1.78,4.82
"420032703001",544,0.53,0.86,1.41,0.25,3.05
"420032703002",341,0.10,1.04,0.77,3.00,4.91
"420032704001",473,0.95,0.51,1.06,0.51,3.03
"420032708001",352,0.83,0.71,0.64,0.40,2.58
"420032708002",464,0.22,0.62,0.90,3.40,5.14
"420032708003",415,0.47,0.77,0.52,1.00,2.76
"420032715001",359,1.08,1.01,0.95,1.00,4.04
"420032715002",524,1.99,1.44,0.94,1.07,5.44
"420032715003",471,1.01,1.22,1.05,1.13,4.41
"420032814001",366,1.65,0.63,1.12,0.77,4.17
"420032814002",626,0.50,1.43,1.45,1.20,4.58
"420032815001",223,0.66,0.66,0.37,0.19,1.88
"420032815002",410,0.41,0.22,0.85,0.94,2.42
"420032901001",297,0.14,0.52,0.30,0.60,1.56
"420032901002",290,0.72,0.70,0.63,2.60,4.65
"420032901003",317,0.37,1.66,0.91,1.06,4.00
"420032902001",386,1.01,0.68,0.91,0.76,3.36
"420032902002",447,2.22,1.69,1.44,1.57,6.92
"420032902003",267,0.40,0.46,0.46,1.27,2.59
"420032902004",282,0.55,0.60,0.89,0.20,2.24
"420032902005",385,0.38,0.36,1.01,0.99,2.74
"420032904001",232,0.50,0.64,0.43,1.40,2.97
"420032904002",551,1.32,1.08,2.06,1.60,6.06
"420032904003",316,1.31,1.12,1.20,0.00,3.63
"420032904004",403,1.28,1.36,0.89,1.20,4.73
"420032904005",271,1.73,0.44,0.71,1.20,4.08
"420033001001",146,0.28,0.42,0.41,0.92,2.03
"420033001002",188,0.45,1.04,0.13,0.40,2.02
"420033001003",346,0.96,0.91,0.66,2.24,4.77
"420033001004",280,0.54,0.55,0.80,0.83,2.72
"420033001005",215,0.75,0.89,0.95,1.00,3.59
"420033001006",285,0.71,0.90,0.74,0.06,2.41
"420033102001",293,0.50,0.73,1.77,0.00,3.00
"420033102002",275,0.56,0.52,1.03,0.00,2.11
"420033102003",262,0.30,0.42,0.50,0.00,1.22
"420033102004",345,1.15,1.01,1.11,1.55,4.82
"420033102005",280,0.67,0.98,0.63,0.00,2.28
"420033103001",403,1.47,0.69,1.28,0.80,4.24
"420033204001",308,1.04,0.92,0.74,1.32,4.02
"420033204002",279,0.35,0.54,1.13,0.00,2.02
"420033204003",268,1.16,0.76,0.77,0.98,3.67
"420033206001",483,1.10,0.70,0.69,0.00,2.49
"420033206002",506,0.79,1.67,1.27,1.17,4.90
"420033207001",493,1.02,0.88,1.06,0.40,3.36
"420033207002",237,0.68,1.48,0.73,0.40,3.29
"420034011001",695,1.36,1.31,1.22,0.00,3.89
"420034011002",521,0.68,0.31,1.36,0.20,2.55
"420034011003",377,1.27,1.21,1.28,0.00,3.76
"420034011004",450,1.19,0.43,0.67,0.00,2.29
"420034012001",229,0.87,0.76,1.57,2.40,5.60
"420034012002",545,0.72,0.72,1.21,1.26,3.91
"420034012003",347,0.61,0.47,0.45,0.60,2.13
"420034012004",342,1.04,0.95,0.73,0.00,2.72
"420034013001",567,1.06,1.48,1.20,0.80,4.54
"420034013002",279,0.85,0.66,1.42,0.00,2.93
"420034013003",322,0.33,0.63,1.16,0.00,2.12
"420034020001",255,0.29,0.66,0.87,0.00,1.82
"420034020002",273,1.11,1.76,0.73,0.40,4.00
"420034020003",506,0.91,0.82,0.93,0.00,2.66
"420034020004",460,1.25,1.05,0.75,0.23,3.28
"420034035001",369,0.52,1.41,1.16,0.00,3.09
"420034035002",313,1.06,1.43,2.00,1.20,5.69
"420034035003",503,1.03,0.69,0.75,0.00,2.47
"420034035004",502,0.63,0.53,1.09,3.15,5.40
"420034035005",322,0.52,0.91,0.91,0.20,2.54
"420034040001",703,0.29,1.13,0.76,0.20,2.38
"420034050001",274,0.81,0.83,0.79,0.59,3.02
"420034050002",225,0.63,0.26,0.42,0.00,1.31
"420034060001",706,0.89,0.87,2.32,0.79,4.87
"420034060002",257,0.64,1.26,1.01,0.00,2.91
"420034070011",293,1.49,1.00,0.75,0.00,3.24
"420034070012",568,0.84,1.25,0.91,0.00,3.00
"420034070013",656,1.59,1.00,0.73,0.40,3.72
"420034070014",659,1.26,1.47,1.84,0.00,4.57
"420034070021",582,1.25,1.50,2.00,1.00,5.75
"420034070022",642,2.25,1.13,1.86,0.00,5.24
"420034070023",324,0.44,1.00,0.65,0.00,2.09
"420034070024",1059,1.57,0.48,1.71,0.59,4.35
"420034080011",467,1.07,0.94,1.45,0.00,3.46
"420034080012",808,1.22,0.73,1.22,0.00,3.17
"420034080013",640,1.85,2.19,1.23,1.18,6.45
"420034080021",1304,2.56,3.46,2.16,1.18,9.36
"420034080022",1000,2.18,2.05,3.67,0.42,8.32
"420034090001",1148,1.50,0.55,5.46,0.59,8.10
"420034090002",682,1.22,2.09,3.07,1.22,7.60
"420034090003",1088,1.53,1.20,6.20,0.80,9.73
"420034090004",1015,1.07,2.11,0.97,0.05,4.20
"420034100001",474,1.35,0.67,1.04,1.19,4.25
"420034110001",408,1.12,0.30,1.75,0.20,3.37
"420034110002",988,1.36,1.73,5.63,0.40,9.12
"420034110003",1019,1.67,0.98,4.22,0.36,7.23
"420034120011",868,1.34,1.46,2.77,1.45,7.02
"420034120012",680,1.11,1.00,1.87,2.16,6.14
"420034120013",668,0.95,1.90,2.65,0.94,6.44
"420034120014",814,1.73,0.70,0.77,1.00,4.20
"420034120021",1017,1.15,1.66,1.91,1.76,6.48
"420034120022",676,2.17,0.71,2.74,0.20,5.82
"420034131001",443,0.90,1.23,1.09,1.80,5.02
"420034131002",908,0.54,2.22,2.85,3.18,8.79
"420034131003",471,0.75,0.23,2.36,0.60,3.94
"420034131004",759,0.53,1.92,1.26,2.60,6.31
"420034132011",359,1.84,1.25,0.84,0.40,4.33
"420034132012",511,1.80,1.12,1.14,0.00,4.06
"420034132013",721,1.99,0.69,1.04,0.80,4.52
"420034132021",446,0.71,0.66,0.51,0.00,1.88
"420034132022",772,1.49,1.64,2.76,0.00,5.89
"420034133001",638,0.79,1.26,1.48,1.00,4.53
"420034133002",978,2.00,1.84,3.04,0.40,7.28
"420034133003",241,0.11,0.60,1.55,0.00,2.26
"420034134001",616,0.88,1.18,1.31,0.00,3.37
"420034134002",488,0.89,1.61,2.47,0.00,4.97
"420034134003",546,1.07,0.93,0.82,0.57,3.39
"420034135001",403,0.82,0.39,1.26,0.40,2.87
"420034135002",969,1.15,1.09,0.94,1.20,4.38
"420034135003",593,1.95,0.58,1.66,1.47,5.66
"420034135004",797,0.89,0.97,2.23,0.00,4.09
"420034141011",859,0.65,1.46,1.31,0.00,3.42
"420034141012",442,0.94,0.84,1.86,0.00,3.64
"420034141013",292,0.92,0.40,0.76,1.55,3.63
"420034141014",393,0.61,0.78,0.92,0.60,2.91
"420034141021",1108,1.48,1.09,2.52,1.55,6.64
"420034141022",1082,1.14,2.15,2.73,1.00,7.02
"420034141023",771,2.24,0.86,1.50,0.20,4.80
"420034142001",1146,1.62,1.67,1.42,0.40,5.11
"420034142002",401,0.65,0.81,0.56,0.00,2.02
"420034142003",729,1.21,0.95,2.30,0.80,5.26
"420034150011",365,0.90,1.44,0.53,0.20,3.07
"420034150012",605,1.77,1.61,2.60,0.02,6.00
"420034150013",738,0.37,0.61,1.33,0.60,2.91
"420034150021",523,0.98,1.43,1.76,2.18,6.35
"420034150022",435,0.91,0.70,1.39,0.00,3.00
"420034160001",469,1.17,0.58,0.86,0.20,2.81
"420034160002",326,0.50,0.48,1.80,0.00,2.78
"420034171001",362,0.46,0.66,0.65,0.60,2.37
"420034171002",333,0.70,0.58,1.18,0.40,2.86
"420034171003",278,0.91,0.77,0.35,0.00,2.03
"420034172001",633,1.07,1.12,2.14,0.64,4.97
"420034180001",821,0.82,1.45,2.78,0.20,5.25
"420034190001",442,0.63,1.48,1.60,0.97,4.68
"420034190002",361,0.40,1.50,0.83,0.00,2.73
"420034190003",588,1.14,0.91,0.95,0.20,3.20
"420034200001",830,1.28,1.32,2.15,0.59,5.34
"420034211001",408,0.76,1.48,2.57,1.92,6.73
"420034211002",388,0.58,0.99,1.85,0.00,3.42
"420034211003",641,1.75,1.38,1.41,0.27,4.81
"420034211004",296,1.51,0.39,2.95,0.00,4.85
"420034212001",758,1.31,1.59,2.21,0.00,5.11
"420034212002",421,1.37,0.87,2.67,0.80,5.71
"420034212003",115,0.64,0.56,0.49,0.00,1.69
"420034212004",401,0.63,1.07,1.48,0.40,3.58
"420034220001",593,0.93,0.79,4.09,1.20,7.01
"420034220002",266,1.55,0.46,0.86,0.00,2.87
"420034220003",524,0.75,0.53,4.37,0.00,5.65
"420034220004",680,3.52,0.66,4.64,0.40,9.22
"420034230001",480,0.33,0.87,1.28,0.40,2.88
"420034230002",487,1.07,1.26,1.01,1.40,4.74
"420034230003",409,0.39,0.70,0.59,0.60,2.28
"420034240001",399,0.93,0.64,1.48,0.40,3.45
"420034240002",358,1.03,0.97,0.41,0.60,3.01
"420034240003",433,0.46,0.92,2.39,1.87,5.64
"420034240004",451,0.78,0.67,1.05,0.57,3.07
"420034250001",253,0.59,0.40,0.35,0.20,1.54
"420034250002",420,0.78,0.91,0.84,0.20,2.73
"420034250003",539,1.02,0.45,1.70,0.00,3.17
"420034250004",395,0.96,0.78,0.90,0.00,2.64
"420034263001",690,2.32,1.26,1.40,0.00,4.98
"420034263002",788,1.26,1.01,1.14,0.00,3.41
"420034263003",960,0.50,0.85,1.27,0.60,3.22
"420034264001",396,0.86,0.94,0.40,0.40,2.60
"420034264002",458,1.08,0.66,0.36,0.00,2.10
"420034264003",478,0.63,1.04,1.45,0.00,3.12
"420034264004",701,1.22,1.47,1.19,0.00,3.88
"420034267001",343,0.47,0.69,1.78,0.00,2.94
"420034267002",798,1.46,1.12,1.38,1.16,5.12
"420034268001",531,0.81,0.94,0.61,1.00,3.36
"420034268002",965,0.88,2.10,0.80,0.40,4.18
"420034268003",564,0.29,0.71,2.38,0.60,3.98
"420034270001",680,0.50,0.80,1.31,1.00,3.61
"420034270002",397,0.13,1.13,0.34,1.62,3.22
"420034270003",709,1.23,0.85,1.54,0.23,3.85
"420034271001",684,0.92,1.25,1.42,0.20,3.79
"420034271002",727,0.83,0.88,1.40,0.00,3.11
"420034271003",778,1.83,0.46,1.42,0.40,4.11
"420034272001",568,0.89,1.36,1.14,0.00,3.39
"420034272002",533,1.40,0.84,1.08,0.60,3.92
"420034272003",567,1.13,0.48,2.58,0.40,4.59
"420034272004",516,0.44,0.87,1.11,0.00,2.42
"420034281001",268,0.97,1.19,0.72,0.00,2.88
"420034281002",261,0.28,0.54,0.71,0.00,1.53
"420034282001",284,0.86,0.86,0.54,0.60,2.86
"420034282002",632,0.62,0.88,0.76,0.22,2.48
"420034291001",524,0.60,0.28,1.16,1.00,3.04
"420034291002",606,1.70,0.67,1.18,0.00,3.55
"420034292011",739,1.38,1.67,1.41,0.20,4.66
"420034292012",1001,2.15,0.92,1.47,1.35,5.89
"420034292021",492,0.51,0.75,2.16,0.00,3.42
"420034292022",670,1.10,0.96,1.61,2.58,6.25
"420034292023",725,0.61,0.62,1.93,0.40,3.56
"420034293001",875,0.65,1.59,0.52,0.00,2.76
"420034293002",713,1.16,1.49,1.52,0.00,4.17
"420034293003",536,1.95,1.30,1.21,0.00,4.46
"420034293004",379,1.65,0.83,0.99,0.00,3.47
"420034294001",276,0.66,0.20,0.32,0.80,1.98
"420034294002",761,1.73,0.81,1.13,0.20,3.87
"420034294003",540,0.93,0.90,1.48,0.20,3.51
"420034294004",345,1.74,0.48,0.27,0.00,2.49
"420034295001",995,0.82,1.59,1.91,0.40,4.72
"420034295002",1061,2.34,2.05,2.03,2.28,8.70
"420034295003",295,0.55,1.10,0.76,0.00,2.41
"420034296001",1115,1.50,0.84,1.69,2.27,6.30
"420034296002",431,0.20,1.41,0.82,1.20,3.63
"420034297001",674,0.82,0.57,0.99,0.20,2.58
"420034297002",372,1.44,0.82,0.82,1.00,4.08
"420034301001",317,1.12,0.36,0.92,0.59,2.99
"420034301002",602,1.29,1.03,0.72,0.20,3.24
"420034302001",375,0.79,0.64,1.01,0.00,2.44
"420034302002",604,0.61,0.66,0.64,1.18,3.09
"420034302003",445,0.92,1.70,1.09,0.00,3.71
"420034302004",324,0.54,0.92,1.47,0.00,2.93
"420034302005",343,1.08,1.13,1.18,0.00,3.39
"420034311001",882,1.48,0.99,1.44,0.07,3.98
"420034311002",792,2.11,1.12,1.81,1.20,6.24
"420034314001",901,1.03,0.83,1.41,1.80,5.07
"420034315001",290,0.83,0.91,0.96,0.00,2.70
"420034315002",444,1.41,0.55,0.86,0.20,3.02
"420034315003",577,0.23,1.25,0.99,0.36,2.83
"420034315004",349,0.48,1.21,1.03,0.39,3.11
"420034323001",497,0.62,0.64,0.86,1.76,3.88
"420034323002",627,1.64,0.61,2.38,1.11,5.74
"420034324001",547,2.11,1.33,0.37,1.77,5.58
"420034324002",396,0.94,0.79,0.71,0.50,2.94
"420034324003",344,0.13,0.79,1.32,0.01,2.25
"420034340001",366,1.29,0.48,1.16,1.38,4.31
"420034340002",374,0.78,0.45,1.43,0.98,3.64
"420034350001",569,0.70,0.33,2.76,0.40,4.19
"420034350002",554,1.21,0.22,1.44,0.25,3.12
"420034370001",1010,1.38,1.82,2.79,0.20,6.19
"420034370002",813,1.62,1.12,0.92,0.19,3.85
"420034390001",532,1.43,1.05,0.98,0.22,3.68
"420034455001",456,1.42,0.76,1.19,0.95,4.32
"420034455002",771,1.62,1.48,0.77,0.20,4.07
"420034455003",538,1.93,0.92,1.26,0.38,4.49
"420034460001",303,1.51,1.24,0.64,0.39,3.78
"420034460002",305,0.69,0.43,0.28,0.59,1.99
"420034470001",601,0.79,1.19,1.77,0.58,4.33
"420034480001",563,0.75,0.99,1.47,0.60,3.81
"420034490001",1067,0.58,1.38,1.64,0.99,4.59
"420034507001",653,0.85,2.02,1.01,0.11,3.99
"420034507002",816,1.84,0.74,2.44,0.00,5.02
"420034508001",708,0.24,0.88,1.70,0.01,2.83
"420034508002",269,0.60,0.74,0.41,0.80,2.55
"420034508003",301,0.60,0.45,0.42,0.00,1.47
"420034511011",841,1.22,0.81,2.49,0.61,5.13
"420034511012",677,0.47,1.21,1.70,0.00,3.38
"420034511021",818,1.75,1.94,1.60,2.99,8.28
"420034511022",417,0.90,0.68,1.17,0.58,3.33
"420034511023",727,2.28,0.81,0.25,2.77,6.11
"420034511041",985,1.31,1.38,6.66,0.44,9.79
"420034511042",257,0.47,0.49,0.36,0.00,1.32
"420034511051",759,1.67,1.31,0.85,2.80,6.63
"420034511052",501,1.64,1.52,2.06,1.16,6.38
"420034511053",909,0.51,0.66,1.04,1.81,4.02
"420034513001",1301,1.71,2.02,2.78,4.07,10.58
"420034513002",513,1.28,0.56,0.96,0.20,3.00
"420034513003",610,1.81,1.19,1.31,0.00,4.31
"420034513004",331,0.86,0.78,0.76,0.00,2.40
"420034520001",207,0.19,0.78,1.39,0.00,2.36
"420034520002",725,0.75,0.96,1.61,1.01,4.33
"420034520003",627,1.12,1.34,1.86,0.01,4.33
"420034520004",533,1.15,1.39,1.82,1.40,5.76
"420034530031",493,1.34,0.61,1.56,1.20,4.71
"420034530032",238,0.25,1.23,0.68,0.60,2.76
"420034530041",693,1.46,0.27,1.26,0.60,3.59
"420034530042",944,4.30,0.71,1.70,0.95,7.66
"420034530043",1044,0.33,0.75,2.27,1.75,5.10
"420034530044",367,1.12,0.84,1.01,0.00,2.97
"420034550001",620,3.25,1.01,0.68,0.00,4.94
"420034560011",384,0.81,0.43,1.47,0.00,2.71
"420034560012",875,1.19,1.67,1.68,2.73,7.27
"420034560031",349,0.58,0.87,1.98,0.58,4.01
"420034560032",1216,1.70,2.84,9.76,1.57,15.87
"420034560033",796,1.58,1.09,3.07,0.97,6.71
"420034560041",823,1.54,0.47,3.39,0.00,5.40
"420034560042",1419,2.51,1.88,2.64,2.30,9.33
"420034571001",345,0.63,0.66,1.07,0.40,2.76
"420034571002",387,0.86,1.04,0.50,1.33,3.73
"420034572001",274,0.54,1.07,0.51,0.40,2.52
"420034572002",372,0.77,0.94,0.27,0.00,1.98
"420034572003",672,1.35,0.60,1.91,0.60,4.46
"420034572004",446,1.43,0.75,0.99,0.73,3.90
"420034580001",276,1.04,0.20,0.69,0.00,1.93
"420034580002",1477,1.64,2.12,1.94,1.21,6.91
"420034580003",694,0.97,1.22,1.30,0.00,3.49
"420034580004",648,1.59,1.17,1.53,0.00,4.29
"420034591011",662,0.92,1.26,1.85,0.20,4.23
"420034591021",746,1.75,0.94,1.20,1.94,5.83
"420034591022",401,0.67,0.50,1.37,1.17,3.71
"420034591023",1042,0.71,1.35,2.35,1.58,5.99
"420034592011",803,1.75,1.40,0.53,0.99,4.67
"420034592012",1014,1.65,1.42,2.17,0.95,6.19
"420034592013",709,1.02,0.52,1.74,0.20,3.48
"420034592014",275,0.42,1.00,0.77,0.00,2.19
"420034592021",471,0.18,0.74,1.35,0.20,2.47
"420034600011",1209,0.98,2.40,3.10,2.34,8.82
"420034600012",716,1.40,1.31,3.47,0.60,6.78
"420034600021",246,0.28,0.39,0.82,0.00,1.49
"420034600022",844,2.76,1.34,0.97,0.60,5.67
"420034600023",280,0.71,1.02,0.22,0.00,1.95
"420034610001",538,1.04,0.75,1.08,0.60,3.47
"420034621001",300,1.09,0.49,0.71,0.00,2.29
"420034621002",286,1.34,1.88,1.61,0.80,5.63
"420034621003",605,1.36,1.71,1.00,3.41,7.48
"420034626001",369,1.01,0.44,1.22,0.40,3.07
"420034626002",393,1.22,0.94,1.72,0.20,4.08
"420034626003",351,0.52,0.52,1.16,0.26,2.46
"420034626004",589,1.43,1.10,1.13,0.20,3.86
"420034639001",545,0.70,1.20,0.86,2.28,5.04
"420034639002",354,0.79,0.67,0.44,1.60,3.50
"420034639003",330,1.34,0.32,1.44,1.80,4.90
"420034643001",582,0.43,0.59,1.61,0.40,3.03
"420034643002",391,1.19,1.42,1.14,1.13,4.88
"420034643003",295,0.73,0.74,0.68,0.40,2.55
"420034643004",243,0.91,0.98,0.85,2.00,4.74
"420034644001",229,0.80,0.26,0.86,0.40,2.32
"420034644002",367,0.43,1.06,1.31,2.93,5.73
"420034644003",428,0.46,0.43,0.51,1.04,2.44
"420034644004",499,2.31,2.17,0.96,0.40,5.84
"420034656001",540,0.68,1.20,0.64,0.60,3.12
"420034656002",657,0.61,0.63,0.91,2.15,4.30
"420034658001",684,0.72,0.88,1.70,0.20,3.50
"420034658002",483,1.88,0.97,1.61,1.18,5.64
"420034658003",424,0.90,1.80,0.81,0.60,4.11
"420034687001",516,0.44,1.00,1.03,1.00,3.47
"420034687002",310,0.51,1.06,1.64,0.00,3.21
"420034688001",357,0.86,1.04,1.11,0.20,3.21
"420034688002",317,1.85,0.48,1.19,1.15,4.67
"420034688003",568,1.56,1.15,0.87,0.19,3.77
"420034689001",613,2.78,1.01,1.13,0.60,5.52
"420034689002",466,0.48,1.17,0.75,0.40,2.80
"420034689003",753,1.47,0.83,1.05,0.66,4.01
"420034690001",499,1.65,0.93,0.65,0.00,3.23
"420034690002",997,1.71,1.13,0.96,1.18,4.98
"420034690003",462,1.53,1.53,0.65,1.00,4.71
"420034703001",780,0.03,0.77,1.50,2.33,4.63
"420034703002",902,0.87,1.51,1.80,0.60,4.78
"420034704001",401,1.18,0.85,1.36,0.00,3.39
"420034704002",313,1.51,0.82,0.52,0.20,3.05
"420034704003",660,0.85,0.63,0.92,1.16,3.56
"420034705011",1135,2.17,0.82,1.70,1.34,6.03
"420034705012",943,0.39,1.59,1.22,1.58,4.78
"420034705021",663,0.81,1.12,1.16,1.40,4.49
"420034705022",609,0.70,1.96,1.14,0.25,4.05
"420034706001",812,0.84,1.16,0.88,0.00,2.88
"420034706002",344,1.41,0.91,0.31,0.20,2.83
"420034706003",321,1.06,1.32,0.41,0.20,2.99
"420034710001",617,1.84,0.91,1.60,0.00,4.35
"420034721001",776,2.00,1.84,2.48,0.58,6.90
"420034721002",443,0.58,1.16,0.97,2.40,5.11
"420034722001",449,1.60,0.92,1.61,0.00,4.13
"420034722002",286,0.66,1.23,1.00,0.00,2.89
"420034722003",321,0.97,0.50,0.89,0.00,2.36
"420034723001",321,1.11,1.05,0.50,0.00,2.66
"420034723002",384,0.81,0.99,0.31,1.80,3.91
"420034723003",265,0.63,0.54,0.50,0.20,1.87
"420034724001",465,0.80,0.95,0.93,0.00,2.68
"420034724002",341,0.79,0.70,0.78,0.00,2.27
"420034731001",559,1.55,1.02,2.32,0.40,5.29
"420034731002",278,0.83,0.46,2.13,0.00,3.42
"420034731003",442,0.64,0.46,0.88,1.40,3.38
"420034731004",289,1.46,0.97,2.51,0.00,4.94
"420034731005",567,2.26,0.80,0.84,0.00,3.90
"420034732001",448,0.61,0.65,1.38,0.80,3.44
"420034732002",550,1.41,0.91,2.05,2.27,6.64
"420034732003",607,1.47,1.37,1.30,2.15,6.29
"420034733001",556,1.71,1.74,1.43,0.00,4.88
"420034733002",544,1.15,0.70,1.62,0.00,3.47
"420034733003",472,1.11,0.83,0.89,2.20,5.03
"420034733004",415,1.03,1.07,1.73,0.00,3.83
"420034733005",282,0.92,0.58,0.48,0.00,1.98
"420034734011",288,0.66,0.62,1.34,1.20,3.82
"420034734012",242,0.71,1.08,1.10,0.00,2.89
"420034734013",533,1.57,1.59,1.29,1.35,5.80
"420034734014",520,0.79,1.09,2.35,1.74,5.97
"420034734021",519,1.10,1.19,0.31,0.00,2.60
"420034734022",305,0.57,0.47,1.82,0.00,2.86
"420034734023",741,0.55,0.98,4.97,0.00,6.50
"420034735001",270,0.37,0.35,3.32,0.00,4.04
"420034735002",314,1.44,0.71,1.28,1.32,4.75
"420034735003",719,0.71,1.51,1.54,0.80,4.56
"420034736011",339,0.81,0.24,1.89,0.60,3.54
"420034736012",649,1.13,0.56,2.37,1.18,5.24
"420034736013",679,1.24,0.77,3.21,1.00,6.22
"420034736021",282,1.22,0.82,0.46,0.00,2.50
"420034736022",842,1.04,0.72,2.56,1.54,5.86
"420034736023",283,1.22,1.20,0.89,1.20,4.51
"420034736024",662,1.15,2.33,0.84,0.20,4.52
"420034741011",778,1.02,1.21,1.43,0.60,4.26
"420034741012",502,0.30,0.81,3.93,0.80,5.84
"420034741021",815,1.20,1.35,2.23,0.60,5.38
"420034741022",565,1.39,0.82,1.48,1.00,4.69
"420034742011",902,1.44,0.75,3.60,0.20,5.99
"420034742021",909,1.15,1.67,0.67,0.40,3.89
"420034742022",906,1.53,0.58,1.24,0.80,4.15
"420034742031",512,1.41,0.31,1.90,0.40,4.02
"420034742032",261,0.90,0.62,0.66,0.19,2.37
"420034742033",826,1.11,1.17,4.46,1.40,8.14
"420034751011",356,0.68,0.81,0.39,0.40,2.28
"420034751012",361,1.83,0.53,1.07,0.00,3.43
"420034751013",590,0.35,0.53,1.30,0.00,2.18
"420034751014",1011,1.31,1.81,2.21,0.00,5.33
"420034751021",676,1.62,0.47,1.44,0.00,3.53
"420034752001",357,0.74,0.51,0.92,0.97,3.14
"420034752002",407,0.59,1.32,0.28,0.00,2.19
"420034752003",501,1.66,1.42,0.89,0.63,4.60
"420034752004",679,0.51,0.80,1.36,0.00,2.67
"420034753011",458,0.86,1.01,1.04,0.40,3.31
"420034753012",333,2.36,0.81,1.24,0.80,5.21
"420034753013",823,0.29,1.61,1.11,0.98,3.99
"420034753014",460,1.04,0.23,1.41,2.00,4.68
"420034753031",651,1.11,0.58,1.93,0.40,4.02
"420034753032",461,1.12,1.19,3.29,0.20,5.80
"420034753033",475,1.00,0.43,0.43,1.40,3.26
"420034753041",496,0.23,0.96,2.30,0.00,3.49
"420034753042",633,1.00,1.53,4.38,1.40,8.31
"420034753043",490,0.55,1.12,1.11,0.00,2.78
"420034753044",692,1.50,2.16,0.44,0.02,4.12
"420034754011",568,1.24,0.77,1.61,0.00,3.62
"420034754012",649,1.43,1.33,3.33,0.00,6.09
"420034754013",344,0.14,0.55,0.74,1.59,3.02
"420034754021",547,1.13,0.92,0.82,0.00,2.87
"420034754022",641,0.72,1.47,1.25,0.00,3.44
"420034761001",264,0.65,0.82,0.54,0.00,2.01
"420034761002",369,0.62,1.56,0.90,0.00,3.08
"420034761003",407,0.79,1.05,1.21,0.00,3.05
"420034761004",785,1.98,1.42,1.18,3.96,8.54
"420034761005",650,0.81,0.99,0.46,0.19,2.45
"420034762001",297,0.40,0.60,0.80,0.40,2.20
"420034762002",617,1.27,1.15,2.09,0.00,4.51
"420034762003",513,0.49,0.73,1.52,0.20,2.94
"420034771001",617,0.79,1.10,0.63,0.00,2.52
"420034771002",443,1.10,1.38,1.40,0.00,3.88
"420034771003",603,1.10,1.51,0.95,0.00,3.56
"420034772001",375,1.82,0.84,0.62,1.00,4.28
"420034772002",292,0.46,0.54,0.67,0.00,1.67
"420034772003",347,0.56,0.57,1.55,0.80,3.48
"420034772004",874,1.35,0.41,2.44,0.40,4.60
"420034773001",511,1.07,0.85,1.08,2.34,5.34
"420034773002",537,0.79,0.87,0.97,0.95,3.58
"420034773003",447,1.66,0.79,1.10,0.00,3.55
"420034773004",416,0.81,0.28,0.85,0.00,1.94
"420034773005",694,1.88,1.51,1.71,0.00,5.10
"420034781001",548,1.07,1.07,1.06,0.00,3.20
"420034781002",328,0.62,0.66,0.61,0.00,1.89
"420034781003",561,1.53,0.69,0.90,0.00,3.12
"420034781004",541,2.42,0.53,1.07,0.40,4.42
"420034782001",578,1.74,0.49,0.74,0.99,3.96
"420034782002",901,0.90,1.12,2.16,0.00,4.18
"420034782003",922,0.87,1.11,1.45,0.00,3.43
"420034790001",366,0.54,0.23,0.68,0.00,1.45
"420034790002",483,1.23,0.86,1.43,0.00,3.52
"420034801011",291,0.90,0.92,1.68,0.00,3.50
"420034801012",417,0.59,1.81,0.58,0.00,2.98
"420034801013",447,1.35,1.21,1.28,1.32,5.16
"420034801014",1063,1.21,0.78,1.16,4.34,7.49
"420034801021",457,0.82,0.63,1.39,0.40,3.24
"420034801022",484,1.34,1.34,1.31,0.00,3.99
"420034801023",396,1.42,0.73,1.42,1.56,5.13
"420034802001",819,1.40,0.81,1.22,0.98,4.41
"420034802002",290,1.22,1.45,0.46,0.20,3.33
"420034802003",346,1.89,1.29,0.23,0.20,3.61
"420034803001",299,0.19,0.69,0.76,0.00,1.64
"420034803002",576,0.97,0.78,1.50,0.39,3.64
"420034803003",244,1.03,0.38,0.73,0.20,2.34
"420034803004",327,1.16,1.18,1.12,0.60,4.06
"420034804001",591,0.43,1.00,0.95,0.80,3.18
"420034804002",448,0.87,1.27,0.70,0.00,2.84
"420034804003",682,1.22,1.22,2.24,0.00,4.68
"420034804004",492,0.82,0.81,2.19,0.00,3.82
"420034810001",381,0.31,0.30,1.65,1.08,3.34
"420034810002",349,1.01,0.95,0.69,0.85,3.50
"420034810003",454,0.93,1.18,0.76,1.57,4.44
"420034810004",280,0.98,0.27,1.56,0.26,3.07
"420034825001",865,0.70,1.80,2.54,2.26,7.30
"420034838001",313,0.40,0.80,2.77,0.80,4.77
"420034838002",736,1.70,1.40,2.09,2.05,7.24
"420034838003",436,1.11,0.62,1.55,1.35,4.63
"420034843001",772,0.90,1.40,1.29,0.39,3.98
"420034843002",262,0.72,0.83,0.87,0.00,2.42
"420034843003",514,1.77,0.92,0.86,0.70,4.25
"420034845001",756,0.61,1.67,1.69,0.00,3.97
"420034845002",508,0.47,0.45,0.68,0.00,1.60
"420034845003",508,0.44,0.52,3.53,0.80,5.29
"420034845004",887,1.89,2.31,1.29,0.00,5.49
"420034846001",245,0.52,0.56,0.84,0.97,2.89
"420034846002",379,2.29,1.00,0.93,0.99,5.21
"420034846003",411,1.61,0.66,0.60,0.62,3.49
"420034850001",542,1.07,0.90,0.64,0.22,2.83
"420034867001",773,0.70,1.49,0.81,1.35,4.35
"420034867002",386,0.85,0.94,0.86,3.21,5.86
"420034868001",354,0.49,1.10,1.07,0.65,3.31
"420034868002",398,0.77,0.93,0.74,0.77,3.21
"420034869001",318,0.98,0.99,1.16,0.80,3.93
"420034869002",190,0.59,0.50,0.47,3.04,4.60
"420034869003",74,0.59,0.51,0.08,0.60,1.78
"420034870001",354,1.02,0.80,1.16,0.20,3.18
"420034870002",538,1.11,0.92,2.38,0.00,4.41
"420034881001",452,0.55,1.69,1.58,0.92,4.74
"420034881002",512,1.20,0.85,1.09,0.80,3.94
"420034882001",773,0.89,1.47,1.17,2.95,6.48
"420034882002",289,0.32,1.01,0.46,0.60,2.39
"420034882003",395,1.72,1.05,0.45,0.20,3.42
"420034883001",932,1.50,0.57,1.82,1.18,5.07
"420034884001",538,0.64,0.66,1.42,0.93,3.65
"420034884002",454,0.62,1.09,0.86,1.20,3.77
"420034884003",282,0.53,0.76,0.38,1.40,3.07
"420034884004",784,1.25,1.04,1.45,0.40,4.14
"420034885001",369,0.73,1.38,1.15,0.00,3.26
"420034885002",610,0.38,0.66,1.19,1.80,4.03
"420034885003",292,0.32,0.83,0.55,0.00,1.70
"420034886001",317,0.24,1.02,1.21,0.00,2.47
"420034886002",418,2.59,0.84,0.84,3.64,7.91
"420034886003",516,0.77,1.11,1.34,0.00,3.22
"420034886004",872,1.23,1.32,1.85,0.00,4.40
"420034890011",261,0.30,1.00,3.12,0.00,4.42
"420034890012",719,2.28,0.61,1.15,0.04,4.08
"420034890013",1055,1.55,1.22,2.13,0.60,5.50
"420034890021",289,1.74,1.57,0.63,0.39,4.33
"420034890022",518,1.36,1.12,0.84,1.00,4.32
"420034890023",483,1.31,1.22,0.91,0.20,3.64
"420034890024",235,0.82,0.57,0.88,0.40,2.67
"420034900021",409,1.17,0.51,2.14,0.00,3.82
"420034900022",353,0.81,0.89,1.05,2.00,4.75
"420034900023",800,2.12,1.08,1.22,0.60,5.02
"420034900024",238,0.54,0.92,1.17,1.60,4.23
"420034900025",311,1.25,0.57,0.93,0.20,2.95
"420034900031",383,0.59,0.88,1.59,0.78,3.84
"420034900032",440,1.72,1.20,1.17,0.00,4.09
"420034900033",626,1.06,1.65,2.53,1.77,7.01
"420034900041",836,1.20,0.62,2.04,2.18,6.04
"420034900042",727,0.76,2.81,1.20,0.00,4.77
"420034900043",285,0.26,0.96,2.36,0.00,3.58
"420034911011",1141,1.42,2.06,0.76,1.16,5.40
"420034911012",1149,1.49,1.15,7.16,1.18,10.98
"420034912001",941,1.15,0.57,1.53,0.21,3.46
"420034927001",252,0.17,0.69,0.60,0.40,1.86
"420034927002",252,0.14,0.85,0.88,0.00,1.87
"420034927003",395,1.62,1.01,1.51,1.00,5.14
"420034928001",514,1.32,0.89,1.49,0.58,4.28
"420034928002",716,0.82,0.63,1.23,0.89,3.57
"420034929001",610,0.83,0.71,1.58,2.20,5.32
"420034929002",388,0.27,1.21,0.94,1.26,3.68
"420034940001",626,1.08,0.85,1.09,0.58,3.60
"420034950001",788,0.76,1.58,1.11,0.40,3.85
"420034950002",615,0.60,1.83,2.23,0.00,4.66
"420034961011",605,2.59,2.15,2.72,0.00,7.46
"420034961012",583,1.31,1.63,3.06,0.00,6.00
"420034961021",690,2.76,1.52,1.07,0.60,5.95
"420034961022",674,1.52,1.18,1.00,0.00,3.70
"420034961023",511,0.95,1.67,2.43,0.23,5.28
"420034962001",521,1.49,1.92,0.91,0.00,4.32
"420034962002",421,0.79,0.60,0.99,2.00,4.38
"420034962003",730,0.28,0.77,2.87,0.00,3.92
"420034962004",254,0.27,0.78,0.71,0.00,1.76
"420034962005",589,1.00,0.42,1.07,0.00,2.49
"420034970001",437,0.79,0.97,1.41,0.60,3.77
"420034980001",517,0.71,0.40,1.10,0.60,2.81
"420034980002",577,0.71,1.05,1.72,0.60,4.08
"420034993001",252,1.04,0.65,1.09,0.00,2.78
"420034993002",445,0.59,1.46,1.06,0.00,3.11
"420034994001",346,0.68,0.45,1.14,0.40,2.67
"420034994002",381,1.27,1.12,0.70,0.60,3.69
"420034994003",540,0.74,0.81,2.43,1.07,5.05
"420035003001",587,1.17,1.07,0.92,0.00,3.16
"420035003002",342,0.53,0.80,1.01,0.00,2.34
"420035003003",274,2.35,1.10,1.14,0.00,4.59
"420035003004",491,0.45,1.14,0.73,0.00,2.32
"420035010001",769,0.79,1.21,0.87,2.91,5.78
"420035030021",474,1.29,0.25,1.40,0.60,3.54
"420035030022",434,0.86,0.32,1.80,0.00,2.98
"420035030023",623,1.08,0.91,1.95,1.20,5.14
"420035030024",392,2.28,0.76,0.94,0.00,3.98
"420035030025",805,2.01,1.30,1.27,1.20,5.78
"420035041001",526,0.23,1.12,0.44,1.00,2.79
"420035041002",315,1.61,0.89,1.86,0.35,4.71
"420035041003",365,0.62,0.61,1.09,0.20,2.52
"420035041004",639,1.26,0.60,2.17,1.39,5.42
"420035041005",590,1.23,0.39,0.74,0.80,3.16
"420035070001",387,0.62,0.72,0.75,0.00,2.09
"420035070002",618,2.23,0.47,1.38,0.21,4.29
"420035080001",425,1.13,1.02,0.73,1.19,4.07
"420035080002",593,1.33,1.75,1.34,0.80,5.22
"420035094001",649,1.07,1.40,0.75,0.60,3.82
"420035094002",576,1.68,0.56,1.53,0.00,3.77
"420035094003",330,0.74,0.69,1.42,0.77,3.62
"420035094004",506,0.59,0.74,2.34,0.80,4.47
"420035094005",407,0.35,0.93,0.81,1.47,3.56
"420035100001",374,0.30,0.93,0.74,2.30,4.27
"420035100002",448,1.22,1.09,1.01,1.40,4.72
"420035120001",356,0.40,0.73,0.66,2.80,4.59
"420035120002",710,1.54,1.10,2.44,1.50,6.58
"420035128001",635,1.10,0.91,0.32,0.50,2.83
"420035129001",240,0.72,0.77,0.39,0.80,2.68
"420035129002",249,0.68,0.72,1.01,0.80,3.21
"420035138001",342,0.86,0.56,2.35,1.40,5.17
"420035138002",323,0.40,0.74,1.10,0.53,2.77
"420035138003",158,0.69,0.45,1.96,0.40,3.50
"420035140001",325,0.63,0.43,0.83,1.74,3.63
"420035140002",585,1.08,1.02,0.99,1.20,4.29
"420035151001",380,0.86,1.28,0.88,3.60,6.62
"420035151002",555,0.46,0.99,1.21,1.29,3.95
"420035151003",326,0.83,0.66,0.80,0.80,3.09
"420035152001",584,0.76,0.36,0.77,1.42,3.31
"420035152002",551,0.74,1.39,0.85,5.60,8.58
"420035153001",351,0.84,0.76,0.83,0.70,3.13
"420035153002",595,1.69,0.56,0.99,0.40,3.64
"420035154011",453,0.34,1.43,1.38,4.00,7.15
"420035154012",299,0.62,0.36,0.78,2.00,3.76
"420035154013",345,0.50,0.77,0.61,0.00,1.88
"420035161001",722,2.10,1.30,1.96,0.20,5.56
"420035162001",370,1.61,1.21,2.88,1.80,7.50
"420035162002",487,0.76,0.98,0.79,3.04,5.57
"420035170001",302,1.63,0.74,1.29,0.20,3.86
"420035170002",714,1.43,1.76,1.93,2.26,7.38
"420035180011",515,1.21,0.98,2.41,0.23,4.83
"420035180012",603,1.87,1.39,0.90,1.60,5.76
"420035180013",460,1.12,1.67,1.82,0.40,5.01
"420035190001",444,0.54,0.87,1.11,0.50,3.02
"420035190002",650,1.96,1.26,1.61,0.29,5.12
"420035190003",269,0.55,0.18,1.44,0.60,2.77
"420035200011",774,2.27,1.55,1.92,0.48,6.22
"420035200012",804,0.86,1.10,1.39,0.58,3.93
"420035200021",497,0.32,1.17,1.13,2.20,4.82
"420035200022",619,0.30,1.37,1.02,2.80,5.49
"420035200023",454,1.21,1.08,1.18,1.20,4.67
"420035211001",400,1.10,0.64,1.27,0.20,3.21
"420035211002",530,0.56,0.91,0.82,0.89,3.18
"420035211003",859,1.43,0.84,1.10,3.47,6.84
"420035212001",1014,1.52,1.11,1.31,2.15,6.09
"420035212002",393,0.29,1.07,1.53,0.58,3.47
"420035212003",646,0.40,0.65,1.75,0.60,3.40
"420035213011",502,1.38,0.49,1.55,0.86,4.28
"420035213012",651,1.75,0.93,1.61,1.84,6.13
"420035213013",332,0.42,0.58,0.85,0.41,2.26
"420035213014",568,1.55,1.17,1.03,2.76,6.51
"420035213021",685,3.17,1.53,1.71,2.07,8.48
"420035213022",566,1.43,1.60,2.21,2.52,7.76
"420035213023",552,1.04,0.41,2.53,0.19,4.17
"420035213024",292,0.23,0.95,2.06,1.60,4.84
"420035214011",874,1.22,1.22,2.13,5.26,9.83
"420035214012",350,0.49,0.70,0.99,0.00,2.18
"420035214021",515,0.96,0.53,3.34,3.00,7.83
"420035214022",479,0.71,1.10,3.87,0.20,5.88
"420035214023",513,1.75,0.96,2.86,0.48,6.05
"420035215001",658,1.53,1.33,0.76,1.17,4.79
"420035215002",891,1.87,1.42,3.02,0.20,6.51
"420035215003",344,0.38,0.75,1.16,0.60,2.89
"420035220001",326,1.01,0.50,0.43,0.00,1.94
"420035220002",824,2.28,1.37,1.43,0.16,5.24
"420035220003",405,1.76,0.65,0.80,0.00,3.21
"420035231001",553,0.57,1.03,1.12,0.21,2.93
"420035231002",584,0.98,1.88,1.11,3.20,7.17
"420035231003",292,1.53,1.06,0.62,0.80,4.01
"420035231004",294,0.58,0.45,1.36,1.80,4.19
"420035232001",510,0.85,0.65,1.54,1.99,5.03
"420035232002",434,0.98,0.93,1.02,0.20,3.13
"420035232003",420,0.70,1.07,0.64,1.00,3.41
"420035232004",310,0.79,0.98,0.76,1.20,3.73
"420035233001",333,0.62,0.32,0.70,1.49,3.13
"420035233002",630,0.66,0.97,1.17,1.38,4.18
"420035233003",278,0.34,1.20,1.04,0.60,3.18
"420035233004",550,1.05,1.02,2.56,1.40,6.03
"420035234001",592,0.34,0.51,1.73,0.60,3.18
"420035234002",314,0.41,0.80,1.08,0.29,2.58
"420035234003",326,0.57,0.90,1.28,0.23,2.98
"420035234004",293,2.25,0.85,1.19,0.39,4.68
"420035234005",494,1.22,0.79,1.07,2.06,5.14
"420035234006",347,1.87,0.34,1.15,0.60,3.96
"420035235011",741,0.77,1.39,1.99,0.57,4.72
"420035235012",653,2.09,1.26,2.37,0.00,5.72
"420035235013",579,0.67,0.83,3.73,0.15,5.38
"420035235021",666,1.39,1.41,1.43,1.93,6.16
"420035236001",840,1.94,0.82,0.84,2.70,6.30
"420035236002",472,0.43,1.00,1.38,1.42,4.23
"420035236003",868,1.24,1.41,1.85,1.36,5.86
"420035237011",311,0.66,0.35,0.54,0.39,1.94
"420035237012",797,1.73,0.48,1.08,2.40,5.69
"420035237013",372,1.02,1.21,1.56,1.36,5.15
"420035237014",332,1.09,0.81,0.47,0.00,2.37
"420035237021",807,1.50,1.58,1.54,0.00,4.62
"420035237022",759,1.13,0.46,1.71,2.40,5.70
"420035237023",604,1.04,1.60,1.69,0.20,4.53
"420035237024",260,0.39,0.41,0.51,1.40,2.71
"420035238001",588,0.17,1.07,0.82,1.04,3.10
"420035238002",360,0.47,0.72,1.63,0.60,3.42
"420035238003",438,0.87,0.48,0.96,0.60,2.91
"420035238004",785,1.58,1.00,1.11,0.43,4.12
"420035240001",272,0.56,0.94,1.29,0.86,3.65
"420035240002",511,1.84,1.05,1.23,0.80,4.92
"420035240003",341,0.67,0.23,0.87,0.80,2.57
"420035251001",973,2.65,1.60,2.54,0.20,6.99
"420035252001",806,1.17,0.89,1.11,0.00,3.17
"420035252002",290,0.41,0.87,0.68,0.20,2.16
"420035253001",288,0.69,0.64,1.81,0.00,3.14
"420035253002",621,2.56,0.74,2.96,0.40,6.66
"420035261011",332,0.66,0.76,1.83,0.00,3.25
"420035261012",941,0.41,1.72,1.46,1.76,5.35
"420035261013",942,1.14,1.17,3.42,1.89,7.62
"420035261014",569,0.60,0.84,1.38,0.00,2.82
"420035261021",825,1.58,1.15,2.21,0.00,4.94
"420035262011",503,1.04,0.92,0.75,0.60,3.31
"420035262012",953,0.31,1.08,2.11,0.64,4.14
"420035262021",496,0.34,0.47,0.68,0.80,2.29
"420035262022",965,1.82,1.18,1.46,1.15,5.61
"420035262023",535,0.97,1.16,1.51,1.22,4.86
"420035263011",722,0.58,1.43,2.54,0.40,4.95
"420035263012",892,1.68,1.59,1.85,0.40,5.52
"420035263021",771,0.85,1.62,1.23,0.59,4.29
"420035263022",400,0.79,0.26,3.57,0.00,4.62
"420035263023",590,1.37,0.75,2.93,1.94,6.99
"420035263024",450,1.63,1.02,1.18,2.20,6.03
"420035509001",262,0.62,0.71,1.12,1.40,3.85
"420035509002",479,1.70,1.18,1.73,0.12,4.73
"420035512001",536,1.13,1.79,0.95,1.83,5.70
"420035512002",463,1.12,1.37,1.79,2.00,6.28
"420035512003",508,1.79,0.97,1.36,1.18,5.30
"420035513001",438,1.16,0.93,1.52,0.40,4.01
"420035513002",663,2.54,0.57,0.95,0.80,4.86
"420035519001",261,0.79,0.36,2.13,0.36,3.64
"420035519002",570,2.43,1.46,1.85,1.00,6.74
"420035520001",252,0.40,1.03,0.36,0.80,2.59
"420035520002",252,1.49,0.22,0.42,1.20,3.33
"420035520003",209,0.92,0.37,0.83,1.00,3.12
"420035520004",339,0.24,0.74,0.60,0.80,2.38
"420035521001",269,0.76,0.67,0.75,2.80,4.98
"420035521002",183,0.39,0.30,0.25,0.20,1.14
"420035522001",483,1.97,0.73,0.68,0.92,4.30
"420035523001",174,0.41,0.32,0.97,1.00,2.70
"420035523002",179,1.40,0.27,0.40,0.49,2.56
"420035523003",494,0.61,1.48,1.62,3.78,7.49
"420035524001",292,0.63,1.07,0.75,0.60,3.05
"420035524002",424,0.31,0.80,1.30,0.60,3.01
"420035524003",623,1.57,0.91,1.49,0.40,4.37
"420035604001",358,1.11,1.00,0.55,0.60,3.26
"420035604002",485,0.65,0.48,0.80,0.88,2.81
"420035605001",570,0.39,1.56,1.57,1.85,5.37
"420035605002",667,0.98,1.33,1.78,3.76,7.85
"420035606001",297,0.92,0.74,1.09,1.53,4.28
"420035606002",273,0.64,0.27,0.83,1.80,3.54
"420035610001",282,1.04,0.78,1.67,0.09,3.58
"420035610002",347,0.97,0.30,0.85,1.16,3.28
"420035611001",375,0.38,0.56,0.81,1.96,3.71
"420035612001",280,0.42,0.95,0.78,0.60,2.75
"420035612002",303,0.17,0.58,1.23,0.20,2.18
"420035614001",299,0.47,0.70,0.69,0.16,2.02
"420035614002",516,0.98,1.50,0.67,4.35,7.50
"420035614003",622,0.53,0.57,1.60,0.53,3.23
"420035614004",867,0.82,1.57,1.38,6.18,9.95
"420035615001",829,1.15,1.69,2.04,1.00,5.88
"420035615002",436,1.50,0.65,0.90,0.86,3.91
"420035615003",346,0.88,1.06,1.64,0.92,4.50
"420035616001",135,0.58,0.44,0.35,0.80,2.17
"420035616002",302,0.61,0.47,0.57,1.20,2.85
"420035616003",254,0.82,0.58,1.08,0.80,3.28
"420035616004",211,0.55,0.66,1.05,0.00,2.26
"420035617001",83,0.69,1.13,0.28,1.38,3.48
"420035617002",194,1.07,0.63,1.25,1.75,4.70
"420035619001",344,0.41,0.98,1.26,0.59,3.24
"420035619002",624,0.88,1.05,2.83,0.40,5.16
"420035620001",891,0.71,1.15,1.50,1.90,5.26
"420035620002",765,0.42,1.52,2.99,3.16,8.09
"420035620003",364,0.59,1.37,0.98,0.99,3.93
"420035623001",241,0.48,0.56,0.52,1.03,2.59
"420035623002",236,0.44,0.59,0.95,0.60,2.58
"420035623003",245,0.40,0.73,1.51,1.73,4.37
"420035623004",222,1.46,0.70,1.44,0.20,3.80
"420035623005",236,0.76,0.45,1.28,0.00,2.49
"420035623006",252,0.75,1.93,1.18,2.31,6.17
"420035624001",364,0.93,0.54,0.54,0.00,2.01
"420035624002",196,0.52,0.75,0.57,0.67,2.51
"420035624003",138,0.68,0.56,0.36,0.40,2.00
"420035624004",307,0.77,0.79,1.20,2.05,4.81
"420035624005",156,0.53,1.06,0.24,0.40,2.23
"420035625001",131,0.28,0.26,0.39,0.40,1.33
"420035625002",230,0.69,0.55,0.65,0.80,2.69
"420035625003",363,0.37,1.06,0.66,0.36,2.45
"420035625004",454,1.07,0.77,0.91,0.79,3.54
"420035626001",123,0.38,0.42,0.53,0.40,1.73
"420035626002",449,0.87,1.24,0.52,0.60,3.23
"420035626003",332,1.13,0.83,1.58,0.05,3.59
"420035626004",247,0.55,0.65,0.44,1.16,2.80
"420035627001",266,0.86,1.25,0.80,0.71,3.62
"420035627002",542,1.31,0.99,1.04,1.04,4.38
"420035628001",224,0.63,0.34,2.36,0.80,4.13
"420035628002",545,0.92,1.73,0.85,0.01,3.51
"420035629001",266,0.91,0.78,0.45,1.60,3.74
"420035629002",166,0.65,0.90,1.61,0.75,3.91
"420035629003",422,1.27,0.91,0.81,0.75,3.74
"420035630001",465,1.63,0.52,1.29,0.20,3.64
"420035630002",336,1.84,0.69,0.47,1.09,4.09
"420035630003",292,0.48,0.60,1.32,1.80,4.20
"420035630004",213,0.33,1.47,0.92,0.82,3.54
"420035631001",448,1.33,1.11,0.67,1.20,4.31
"420035631002",955,1.55,0.69,1.66,3.61,7.51
"420035631003",209,0.43,1.13,1.28,0.40,3.24
"420035632001",206,0.86,0.70,0.58,0.00,2.14
"420035632002",615,1.14,1.72,0.54,2.84,6.24
"420035632003",637,1.05,0.95,1.96,2.37,6.33
"420035633001",240,0.33,0.11,1.24,0.19,1.87
"420035633002",310,0.79,0.55,0.96,0.00,2.30
"420035638001",285,0.84,0.40,0.87,0.02,2.13
"420035638002",1081,2.50,0.94,1.90,0.25,5.59
"420035638003",90,0.66,0.77,0.44,0.80,2.67
"420035638004",34,0.34,0.13,0.26,0.00,0.73
"420035638005",203,0.57,1.14,0.47,0.00,2.18
"420035638006",132,0.18,0.52,1.69,0.00,2.39
"420035639001",404,1.55,1.23,1.60,1.40,5.78
"420035639002",586,1.04,0.97,1.84,0.26,4.11
"420035639003",475,1.39,0.92,1.60,0.77,4.68
"420035639004",460,0.30,1.39,0.76,0.00,2.45
"420035640001",1177,1.90,2.11,2.52,1.41,7.94
"420035640002",854,1.12,1.60,1.09,0.00,3.81
"420035640003",167,0.74,1.22,1.10,0.20,3.26
"420035641001",173,0.71,0.37,0.29,0.40,1.77
"420035641002",183,0.29,0.61,0.37,0.00,1.27
"420035642001",153,0.98,0.99,0.69,0.20,2.86
"420035642002",465,0.81,0.72,1.12,1.35,4.00
"420035642003",418,0.49,0.96,0.79,2.33,4.57
"420035644001",471,0.98,1.53,0.89,0.00,3.40
"420035644002",502,0.89,0.53,1.34,0.40,3.16
"420035644003",498,0.39,2.05,1.99,0.40,4.83
"420035644004",589,1.83,1.31,2.39,0.20,5.73
"420035644005",290,1.43,0.63,1.47,0.00,3.53
"420035644006",259,0.74,0.98,0.84,0.40,2.96
"420035644007",25,0.42,0.43,0.57,0.00,1.42
"420035645001",610,0.95,0.82,1.99,0.00,3.76
"420035645002",444,1.11,1.23,4.15,2.20,8.69
"420035645003",210,0.59,0.60,0.76,0.20,2.15
"420039800001",304,0.43,1.00,1.80,0.40,3.63
"420039801001",8,0.61,0.00,0.00,0.00,0.61
"420039803001",1,0.00,0.00,0.00,0.00,0.00
"420039804001",14,0.14,0.00,0.00,0.00,0.14
"420039805001",14,0.26,0.00,0.09,0.00,0.35
"420039807001",10,0.19,0.00,0.29,0.00,0.48
"420039810001",2,0.00,0.00,0.00,0.00,0.00
"420039818001",43,0.20,0.00,1.14,0.00,1.34
"420039822001",165,0.86,2.17,0.77,0.00,3.80
