stcotrbg,adj_acs_1,sp_1,diff_1,w_diff_1,adj_acs_2,sp_2,diff_2,w_diff_2,adj_acs_3,sp_3,diff_3,w_diff_3,adj_acs_4,sp_4,diff_4,w_diff_4,adj_acs_5,sp_5,diff_5,w_diff_5
"420030103002",1,1,0,0.00,0,0,0,0.00,0,0,0,0.00,0,0,0,0.00,0,0,0,0.00
"420030103003",94,98,4,2.52,55,51,4,1.48,0,0,0,0.00,0,0,0,0.00,0,0,0,0.00
"420030103004",93,85,8,5.64,39,47,8,2.36,0,0,0,0.00,0,0,0,0.00,0,0,0,0.00
"420030201001",228,228,0,0.00,0,0,0,0.00,50,50,0,0.00,0,0,0,0.00,0,0,0,0.00
"420030201002",552,555,3,2.20,110,110,0,0.00,91,88,3,0.36,0,0,0,0.00,0,0,0,0.00
"420030201004",320,318,2,1.19,61,55,6,0.68,67,70,3,0.37,91,96,5,0.84,0,0,0,0.00
"420030201006",288,285,3,2.81,0,0,0,0.00,20,23,3,0.19,0,0,0,0.00,0,0,0,0.00
"420030203001",292,295,3,2.17,36,27,9,0.80,44,41,3,0.33,31,40,9,0.69,0,0,0,0.00
"420030305001",87,89,2,0.24,616,611,5,4.30,0,0,0,0.00,0,0,0,0.00,13,16,3,0.05
"420030305002",55,60,5,0.63,383,378,5,4.37,0,0,0,0.00,0,0,0,0.00,0,0,0,0.00
"420030402001",82,78,4,0.79,320,316,4,3.10,11,19,8,0.21,0,0,0,0.00,0,0,0,0.00
"420030402002",85,97,12,5.64,88,79,9,4.38,8,5,3,0.13,0,0,0,0.00,0,0,0,0.00
"420030404001",254,249,5,3.54,0,0,0,0.00,105,110,5,1.46,0,0,0,0.00,0,0,0,0.00
"420030404002",698,708,10,6.91,0,0,0,0.00,312,302,10,3.09,0,0,0,0.00,0,0,0,0.00
"420030405001",471,466,5,3.88,15,21,6,0.15,69,70,1,0.11,52,50,2,0.17,0,0,0,0.00
"420030405002",608,605,3,2.63,46,57,11,0.73,39,31,8,0.45,0,0,0,0.00,0,0,0,0.00
"420030406001",876,897,21,16.97,68,48,20,1.25,84,90,6,0.46,32,25,7,0.21,24,24,0,0.00
"420030409001",391,394,3,2.33,86,75,11,1.88,0,0,0,0.00,0,0,0,0.00,27,35,8,0.43
"420030409002",323,318,5,3.15,154,145,9,2.71,35,49,14,0.96,0,0,0,0.00,0,0,0,0.00
"420030409003",261,267,6,5.13,44,38,6,0.87,0,0,0,0.00,0,0,0,0.00,0,0,0,0.00
"420030501001",0,0,0,0.00,256,261,5,4.62,0,0,0,0.00,0,0,0,0.00,21,16,5,0.38
"420030501002",0,0,0,0.00,241,241,0,0.00,0,0,0,0.00,0,0,0,0.00,0,0,0,0.00
"420030501003",42,35,7,0.73,360,367,7,6.27,0,0,0,0.00,0,0,0,0.00,0,0,0,0.00
"420030506001",125,110,15,3.74,351,366,15,10.51,0,0,0,0.00,0,0,0,0.00,25,25,0,0.00
"420030506002",0,0,0,0.00,229,229,0,0.00,0,0,0,0.00,0,0,0,0.00,0,0,0,0.00
"420030506003",30,30,0,0.00,221,223,2,1.55,35,33,2,0.24,0,0,0,0.00,0,0,0,0.00
"420030509001",52,58,6,0.48,594,588,6,5.47,5,5,0,0.00,0,0,0,0.00,0,0,0,0.00
"420030510001",61,53,8,0.95,427,431,4,3.34,24,28,4,0.19,0,0,0,0.00,0,0,0,0.00
"420030510002",0,0,0,0.00,219,219,0,0.00,0,0,0,0.00,0,0,0,0.00,0,0,0,0.00
"420030511001",25,31,6,0.28,510,504,6,5.72,0,0,0,0.00,0,0,0,0.00,0,0,0,0.00
"420030603001",348,351,3,1.94,168,159,9,2.82,0,0,0,0.00,21,27,6,0.23,0,0,0,0.00
"420030603002",527,524,3,2.46,108,111,3,0.50,0,0,0,0.00,8,8,0,0.00,0,0,0,0.00
"420030605001",401,405,4,3.95,0,0,0,0.00,0,0,0,0.00,5,1,4,0.05,0,0,0,0.00
"420030605002",249,243,6,5.13,10,12,2,0.07,0,0,0,0.00,0,0,0,0.00,32,36,4,0.44
"420030703001",385,379,6,5.45,12,12,0,0.00,27,33,6,0.38,0,0,0,0.00,0,0,0,0.00
"420030703002",315,297,18,14.50,13,15,2,0.07,63,79,16,2.58,0,0,0,0.00,0,0,0,0.00
"420030703003",264,266,2,1.45,31,31,0,0.00,68,66,2,0.37,0,0,0,0.00,0,0,0,0.00
"420030705001",612,601,11,9.29,20,21,1,0.03,93,103,10,1.28,0,0,0,0.00,0,0,0,0.00
"420030705002",349,362,13,9.97,13,10,3,0.09,93,83,10,2.04,0,0,0,0.00,0,0,0,0.00
"420030705003",433,416,17,11.31,11,12,1,0.02,207,223,16,5.09,0,0,0,0.00,0,0,0,0.00
"420030706001",447,441,6,4.91,25,20,5,0.23,61,68,7,0.78,0,0,0,0.00,13,17,4,0.10
"420030706002",593,588,5,4.00,9,9,0,0.00,100,106,6,0.81,0,0,0,0.00,40,39,1,0.05
"420030708001",301,298,3,2.01,89,95,6,1.19,52,54,2,0.23,0,0,0,0.00,8,3,5,0.09
"420030708002",452,446,6,4.75,16,11,5,0.14,77,82,5,0.67,0,0,0,0.00,26,32,6,0.27
"420030709001",499,495,4,1.93,120,117,3,0.35,319,333,14,4.31,79,72,7,0.53,18,18,0,0.00
"420030709002",184,177,7,2.96,12,8,4,0.11,227,233,6,3.13,0,0,0,0.00,12,17,5,0.14
"420030709003",262,262,0,0.00,0,0,0,0.00,116,111,5,1.29,73,78,5,0.81,0,0,0,0.00
"420030709004",339,340,1,0.42,77,86,9,0.87,382,372,10,4.79,0,0,0,0.00,0,0,0,0.00
"420030802001",534,535,1,0.95,15,16,1,0.03,14,12,2,0.05,0,0,0,0.00,0,0,0,0.00
"420030802002",333,333,0,0.00,0,0,0,0.00,0,0,0,0.00,0,0,0,0.00,0,0,0,0.00
"420030804001",321,326,5,4.69,21,16,5,0.31,0,0,0,0.00,0,0,0,0.00,0,0,0,0.00
"420030804002",262,258,4,2.54,50,53,3,0.36,95,94,1,0.23,6,8,2,0.03,0,0,0,0.00
"420030806001",590,582,8,6.88,60,64,4,0.35,27,32,5,0.20,9,8,1,0.01,0,0,0,0.00
"420030806002",312,311,1,0.73,17,21,4,0.16,73,80,7,1.20,8,7,1,0.02,16,7,9,0.34
"420030807001",284,259,25,14.73,134,151,17,4.73,47,56,9,0.88,0,0,0,0.00,17,16,1,0.04
"420030807002",365,355,10,6.20,82,84,2,0.28,103,94,9,1.57,0,0,0,0.00,39,56,17,1.13
"420030809001",444,447,3,2.47,55,54,1,0.10,23,26,3,0.13,0,0,0,0.00,17,12,5,0.16
"420030809002",333,328,5,3.93,59,74,15,2.09,15,11,4,0.14,12,8,4,0.11,5,3,2,0.02
"420030901001",564,547,17,14.25,70,89,19,1.98,7,7,0,0.00,0,0,0,0.00,32,30,2,0.10
"420030901002",225,227,2,1.81,24,22,2,0.19,0,0,0,0.00,0,0,0,0.00,0,0,0,0.00
"420030902001",402,401,1,0.91,41,42,1,0.09,0,0,0,0.00,0,0,0,0.00,0,0,0,0.00
"420030902002",448,467,19,16.09,62,43,19,2.23,10,11,1,0.02,9,8,1,0.02,0,0,0,0.00
"420030902003",397,397,0,0.00,0,0,0,0.00,0,0,0,0.00,0,0,0,0.00,0,0,0,0.00
"420030903001",509,510,1,0.89,30,31,1,0.05,0,0,0,0.00,28,26,2,0.10,8,8,0,0.00
"420030903002",184,185,1,0.68,57,54,3,0.63,16,11,5,0.30,0,0,0,0.00,14,21,7,0.36
"420031005001",65,71,6,1.09,236,225,11,7.23,0,0,0,0.00,0,0,0,0.00,58,63,5,0.81
"420031005002",187,182,5,1.68,347,356,9,5.62,0,0,0,0.00,0,0,0,0.00,22,18,4,0.16
"420031011001",429,436,7,5.20,117,115,2,0.40,32,27,5,0.28,0,0,0,0.00,0,0,0,0.00
"420031011002",195,194,1,0.67,71,75,4,0.97,27,24,3,0.28,0,0,0,0.00,0,0,0,0.00
"420031011003",257,254,3,2.60,40,43,3,0.40,0,0,0,0.00,0,0,0,0.00,0,0,0,0.00
"420031014001",428,419,9,7.54,83,92,9,1.46,0,0,0,0.00,0,0,0,0.00,0,0,0,0.00
"420031014002",311,309,2,1.97,5,7,2,0.03,0,0,0,0.00,0,0,0,0.00,0,0,0,0.00
"420031014003",194,198,4,2.04,177,171,6,2.79,9,11,2,0.05,0,0,0,0.00,0,0,0,0.00
"420031014004",311,310,1,0.97,0,0,0,0.00,8,9,1,0.03,0,0,0,0.00,0,0,0,0.00
"420031016001",11,14,3,0.11,299,296,3,2.89,0,0,0,0.00,0,0,0,0.00,0,0,0,0.00
"420031017001",76,85,9,2.53,190,175,15,10.56,0,0,0,0.00,0,0,0,0.00,4,10,6,0.09
"420031017002",55,59,4,0.63,228,220,8,5.21,16,15,1,0.05,11,15,4,0.13,40,41,1,0.11
"420031018001",395,392,3,2.57,66,69,3,0.43,0,0,0,0.00,0,0,0,0.00,0,0,0,0.00
"420031018002",564,568,4,3.13,143,136,7,1.39,0,0,0,0.00,0,0,0,0.00,14,17,3,0.06
"420031102001",284,303,19,12.61,68,47,21,3.34,76,78,2,0.36,0,0,0,0.00,0,0,0,0.00
"420031102002",286,278,8,6.07,75,78,3,0.60,0,0,0,0.00,0,0,0,0.00,16,21,5,0.21
"420031102003",424,423,1,0.69,153,159,6,1.50,24,22,2,0.08,0,0,0,0.00,10,7,3,0.05
"420031102004",406,397,9,6.72,128,135,7,1.65,0,0,0,0.00,10,12,2,0.04,0,0,0,0.00
"420031106001",310,306,4,3.04,98,102,4,0.96,0,0,0,0.00,0,0,0,0.00,0,0,0,0.00
"420031106002",303,303,0,0.00,0,0,0,0.00,0,0,0,0.00,0,0,0,0.00,0,0,0,0.00
"420031106003",208,212,4,2.58,85,81,4,1.05,12,11,1,0.04,0,0,0,0.00,18,19,1,0.06
"420031113001",100,110,10,2.72,268,258,10,7.28,0,0,0,0.00,0,0,0,0.00,0,0,0,0.00
"420031113002",130,120,10,4.73,145,155,10,5.27,0,0,0,0.00,0,0,0,0.00,0,0,0,0.00
"420031113003",28,33,5,0.50,254,249,5,4.50,0,0,0,0.00,0,0,0,0.00,0,0,0,0.00
"420031113004",62,71,9,1.79,218,219,1,0.70,32,22,10,1.03,0,0,0,0.00,0,0,0,0.00
"420031114001",8,7,1,0.03,249,250,1,0.97,0,0,0,0.00,0,0,0,0.00,0,0,0,0.00
"420031114002",22,18,4,0.27,291,295,4,3.54,0,0,0,0.00,0,0,0,0.00,16,16,0,0.00
"420031115001",109,113,4,1.03,291,282,9,6.16,0,0,0,0.00,0,0,0,0.00,25,30,5,0.29
"420031115002",372,375,3,1.07,505,508,3,1.45,147,144,3,0.42,13,12,1,0.01,9,7,2,0.02
"420031115004",0,0,0,0.00,323,317,6,5.65,0,0,0,0.00,0,0,0,0.00,20,26,6,0.35
"420031203001",49,39,10,1.16,372,382,10,8.84,0,0,0,0.00,0,0,0,0.00,0,0,0,0.00
"420031203002",9,9,0,0.00,288,288,0,0.00,0,0,0,0.00,0,0,0,0.00,0,0,0,0.00
"420031204001",0,0,0,0.00,204,204,0,0.00,11,11,0,0.00,0,0,0,0.00,0,0,0,0.00
"420031204002",7,11,4,0.19,144,140,4,3.81,0,0,0,0.00,0,0,0,0.00,0,0,0,0.00
"420031207001",21,23,2,0.16,237,235,2,1.84,0,0,0,0.00,0,0,0,0.00,0,0,0,0.00
"420031207002",0,0,0,0.00,148,146,2,1.90,0,0,0,0.00,8,10,2,0.10,0,0,0,0.00
"420031208001",24,27,3,0.55,96,90,6,4.36,0,0,0,0.00,0,0,0,0.00,12,15,3,0.27
"420031208002",29,28,1,0.18,135,136,1,0.82,0,0,0,0.00,0,0,0,0.00,0,0,0,0.00
"420031301001",0,0,0,0.00,315,315,0,0.00,0,0,0,0.00,0,0,0,0.00,0,0,0,0.00
"420031301002",0,0,0,0.00,213,213,0,0.00,0,0,0,0.00,0,0,0,0.00,0,0,0,0.00
"420031301003",0,0,0,0.00,232,233,1,0.98,0,0,0,0.00,5,4,1,0.02,0,0,0,0.00
"420031302001",0,0,0,0.00,224,226,2,1.92,0,0,0,0.00,9,7,2,0.08,0,0,0,0.00
"420031302002",5,6,1,0.02,291,290,1,0.98,0,0,0,0.00,0,0,0,0.00,0,0,0,0.00
"420031303001",0,0,0,0.00,177,173,4,3.77,0,0,0,0.00,0,0,0,0.00,11,15,4,0.23
"420031303002",10,11,1,0.08,101,102,1,0.81,0,0,0,0.00,0,0,0,0.00,14,12,2,0.22
"420031303003",0,0,0,0.00,253,261,8,7.25,0,0,0,0.00,0,0,0,0.00,26,18,8,0.75
"420031304001",0,0,0,0.00,164,164,0,0.00,0,0,0,0.00,0,0,0,0.00,0,0,0,0.00
"420031304002",0,0,0,0.00,190,190,0,0.00,0,0,0,0.00,0,0,0,0.00,7,7,0,0.00
"420031304003",0,0,0,0.00,116,117,1,0.92,0,0,0,0.00,0,0,0,0.00,10,9,1,0.08
"420031306001",0,0,0,0.00,224,222,2,1.79,0,0,0,0.00,26,28,2,0.21,0,0,0,0.00
"420031306002",58,54,4,0.74,241,250,9,6.89,0,0,0,0.00,0,0,0,0.00,16,11,5,0.25
"420031306003",23,16,7,0.21,648,662,14,12.05,0,0,0,0.00,10,5,5,0.07,72,70,2,0.19
"420031401001",356,350,6,5.00,0,0,0,0.00,0,0,0,0.00,24,22,2,0.11,47,55,8,0.88
"420031401002",356,348,8,6.34,16,14,2,0.07,56,63,7,0.87,21,24,3,0.14,0,0,0,0.00
"420031401004",142,134,8,7.42,0,0,0,0.00,0,0,0,0.00,0,0,0,0.00,11,19,8,0.58
"420031402001",256,250,6,4.88,14,19,5,0.22,25,24,1,0.08,20,22,2,0.13,0,0,0,0.00
"420031402002",549,566,17,12.04,47,49,2,0.12,155,136,19,3.80,7,11,4,0.04,17,13,4,0.09
"420031403001",322,317,5,4.48,11,10,1,0.03,26,32,6,0.43,0,0,0,0.00,0,0,0,0.00
"420031403002",406,412,6,5.09,44,40,4,0.37,17,12,5,0.18,0,0,0,0.00,12,15,3,0.08
"420031403003",333,337,4,3.67,16,12,4,0.18,14,14,0,0.00,0,0,0,0.00,0,0,0,0.00
"420031403004",277,280,3,2.77,0,0,0,0.00,0,0,0,0.00,0,0,0,0.00,23,20,3,0.23
"420031404001",253,252,1,0.83,12,12,0,0.00,34,36,2,0.22,0,0,0,0.00,7,6,1,0.02
"420031404002",253,253,0,0.00,0,0,0,0.00,0,0,0,0.00,0,0,0,0.00,0,0,0,0.00
"420031404003",385,386,1,0.99,0,0,0,0.00,4,3,1,0.01,0,0,0,0.00,0,0,0,0.00
"420031405001",153,149,4,1.53,247,251,4,2.47,0,0,0,0.00,0,0,0,0.00,0,0,0,0.00
"420031405002",47,49,2,0.37,184,183,1,0.73,0,0,0,0.00,0,0,0,0.00,21,20,1,0.08
"420031405003",273,284,11,7.76,101,94,7,1.83,0,0,0,0.00,0,0,0,0.00,13,9,4,0.13
"420031406001",517,500,17,15.50,12,14,2,0.04,38,53,15,1.01,0,0,0,0.00,0,0,0,0.00
"420031406002",270,275,5,4.05,35,26,9,0.95,21,26,5,0.32,7,6,1,0.02,0,0,0,0.00
"420031406003",454,460,6,5.34,47,41,6,0.55,0,0,0,0.00,9,9,0,0.00,0,0,0,0.00
"420031408001",709,704,5,4.38,0,0,0,0.00,95,102,7,0.82,5,3,2,0.01,0,0,0,0.00
"420031408002",603,607,4,3.34,0,0,0,0.00,108,107,1,0.15,11,8,3,0.05,0,0,0,0.00
"420031408003",400,398,2,1.90,0,0,0,0.00,20,22,2,0.10,0,0,0,0.00,0,0,0,0.00
"420031410001",413,408,5,4.53,22,28,6,0.29,21,20,1,0.05,0,0,0,0.00,0,0,0,0.00
"420031411001",577,577,0,0.00,8,6,2,0.03,17,19,2,0.06,0,0,0,0.00,0,0,0,0.00
"420031413001",667,667,0,0.00,0,0,0,0.00,0,0,0,0.00,0,0,0,0.00,0,0,0,0.00
"420031413002",681,676,5,4.29,0,0,0,0.00,112,117,5,0.71,0,0,0,0.00,0,0,0,0.00
"420031413003",775,754,21,16.21,17,26,9,0.15,135,139,4,0.54,0,0,0,0.00,77,85,8,0.61
"420031414001",394,380,14,12.34,0,0,0,0.00,43,53,10,0.96,0,0,0,0.00,10,14,4,0.09
"420031414002",266,266,0,0.00,0,0,0,0.00,12,12,0,0.00,0,0,0,0.00,0,0,0,0.00
"420031414003",363,363,0,0.00,25,28,3,0.18,36,33,3,0.25,0,0,0,0.00,0,0,0,0.00
"420031414004",687,668,19,14.20,102,113,11,1.22,118,129,11,1.41,0,0,0,0.00,12,9,3,0.04
"420031414005",575,581,6,5.68,14,10,4,0.09,18,16,2,0.06,0,0,0,0.00,0,0,0,0.00
"420031516001",488,480,8,7.34,44,52,8,0.66,0,0,0,0.00,0,0,0,0.00,0,0,0,0.00
"420031516002",316,318,2,1.72,32,32,0,0.00,0,0,0,0.00,4,3,1,0.01,15,14,1,0.04
"420031516003",210,210,0,0.00,0,0,0,0.00,8,8,0,0.00,0,0,0,0.00,0,0,0,0.00
"420031517001",331,336,5,3.76,37,33,4,0.34,38,45,7,0.60,0,0,0,0.00,34,26,8,0.62
"420031517002",269,273,4,3.35,27,29,2,0.17,25,19,6,0.47,0,0,0,0.00,0,0,0,0.00
"420031517003",296,304,8,6.35,41,36,5,0.55,36,33,3,0.29,0,0,0,0.00,0,0,0,0.00
"420031517004",281,281,0,0.00,12,12,0,0.00,0,0,0,0.00,0,0,0,0.00,0,0,0,0.00
"420031517005",276,277,1,0.65,49,50,1,0.12,85,83,2,0.40,0,0,0,0.00,12,12,0,0.00
"420031517006",486,483,3,2.85,26,29,3,0.15,0,0,0,0.00,0,0,0,0.00,0,0,0,0.00
"420031608001",232,230,2,1.89,0,0,0,0.00,14,16,2,0.11,0,0,0,0.00,0,0,0,0.00
"420031608002",304,306,2,1.91,15,13,2,0.09,0,0,0,0.00,0,0,0,0.00,0,0,0,0.00
"420031608003",253,257,4,3.19,20,29,9,0.57,44,31,13,1.80,0,0,0,0.00,0,0,0,0.00
"420031608004",254,245,9,6.61,27,29,2,0.16,0,0,0,0.00,12,13,1,0.03,53,59,6,0.92
"420031609001",477,469,8,7.27,5,4,1,0.01,43,52,9,0.74,0,0,0,0.00,0,0,0,0.00
"420031609002",1142,1138,4,3.85,35,37,2,0.06,0,0,0,0.00,10,12,2,0.02,0,0,0,0.00
"420031702001",278,280,2,1.55,0,0,0,0.00,0,0,0,0.00,80,78,2,0.45,0,0,0,0.00
"420031702002",448,448,0,0.00,0,0,0,0.00,0,0,0,0.00,0,0,0,0.00,0,0,0,0.00
"420031702003",669,679,10,9.68,0,0,0,0.00,22,12,10,0.32,0,0,0,0.00,0,0,0,0.00
"420031702004",549,553,4,3.88,17,13,4,0.12,0,0,0,0.00,0,0,0,0.00,0,0,0,0.00
"420031706001",243,243,0,0.00,0,0,0,0.00,0,0,0,0.00,0,0,0,0.00,0,0,0,0.00
"420031706002",302,298,4,3.44,0,0,0,0.00,0,0,0,0.00,0,0,0,0.00,49,53,4,0.56
"420031706003",287,290,3,2.80,21,18,3,0.20,0,0,0,0.00,0,0,0,0.00,0,0,0,0.00
"420031803001",376,386,10,7.30,128,118,10,2.49,0,0,0,0.00,0,0,0,0.00,11,11,0,0.00
"420031803002",157,154,3,1.93,87,90,3,1.07,0,0,0,0.00,0,0,0,0.00,0,0,0,0.00
"420031803003",221,242,21,16.94,50,31,19,3.47,0,0,0,0.00,0,0,0,0.00,3,1,2,0.02
"420031807001",319,319,0,0.00,0,0,0,0.00,0,0,0,0.00,0,0,0,0.00,0,0,0,0.00
"420031807002",296,296,0,0.00,0,0,0,0.00,5,5,0,0.00,0,0,0,0.00,0,0,0,0.00
"420031807003",198,196,2,1.41,47,46,1,0.17,0,0,0,0.00,0,0,0,0.00,35,38,3,0.38
"420031903001",620,610,10,9.60,12,20,8,0.15,0,0,0,0.00,14,16,2,0.04,0,0,0,0.00
"420031903002",373,372,1,0.90,30,33,3,0.22,0,0,0,0.00,4,3,1,0.01,7,6,1,0.02
"420031911001",431,432,1,0.95,13,13,0,0.00,0,0,0,0.00,9,8,1,0.02,0,0,0,0.00
"420031911002",745,739,6,5.71,30,29,1,0.04,8,15,7,0.07,0,0,0,0.00,0,0,0,0.00
"420031914001",849,840,9,8.91,9,18,9,0.09,0,0,0,0.00,0,0,0,0.00,0,0,0,0.00
"420031914002",587,599,12,11.11,47,35,12,0.89,0,0,0,0.00,0,0,0,0.00,0,0,0,0.00
"420031915001",320,320,0,0.00,23,23,0,0.00,0,0,0,0.00,0,0,0,0.00,0,0,0,0.00
"420031915002",588,599,11,9.61,43,37,6,0.38,0,0,0,0.00,0,0,0,0.00,42,37,5,0.31
"420031916001",366,367,1,0.94,25,24,1,0.06,0,0,0,0.00,0,0,0,0.00,0,0,0,0.00
"420031916002",270,266,4,3.28,59,63,4,0.72,0,0,0,0.00,0,0,0,0.00,0,0,0,0.00
"420031916003",200,197,3,2.07,77,77,0,0.00,0,0,0,0.00,13,16,3,0.13,0,0,0,0.00
"420031916004",319,322,3,2.54,58,55,3,0.46,0,0,0,0.00,0,0,0,0.00,0,0,0,0.00
"420031916005",427,414,13,11.96,10,11,1,0.02,0,0,0,0.00,0,0,0,0.00,27,39,12,0.70
"420031917001",862,853,9,7.87,8,6,2,0.02,89,92,3,0.27,0,0,0,0.00,27,35,8,0.22
"420031917002",235,240,5,4.70,15,10,5,0.30,0,0,0,0.00,0,0,0,0.00,0,0,0,0.00
"420031917003",326,326,0,0.00,0,0,0,0.00,0,0,0,0.00,0,0,0,0.00,0,0,0,0.00
"420031918001",307,307,0,0.00,0,0,0,0.00,0,0,0,0.00,0,0,0,0.00,0,0,0,0.00
"420031918002",289,289,0,0.00,0,0,0,0.00,0,0,0,0.00,0,0,0,0.00,0,0,0,0.00
"420031918003",268,273,5,4.24,48,43,5,0.76,0,0,0,0.00,0,0,0,0.00,0,0,0,0.00
"420031918004",333,340,7,6.78,11,4,7,0.22,0,0,0,0.00,0,0,0,0.00,0,0,0,0.00
"420031918005",316,316,0,0.00,0,0,0,0.00,0,0,0,0.00,0,0,0,0.00,0,0,0,0.00
"420031918006",425,425,0,0.00,0,0,0,0.00,0,0,0,0.00,0,0,0,0.00,0,0,0,0.00
"420031918007",405,405,0,0.00,0,0,0,0.00,0,0,0,0.00,0,0,0,0.00,0,0,0,0.00
"420031919001",340,340,0,0.00,0,0,0,0.00,0,0,0,0.00,0,0,0,0.00,0,0,0,0.00
"420031919002",346,348,2,1.84,31,29,2,0.16,0,0,0,0.00,0,0,0,0.00,0,0,0,0.00
"420031919003",281,281,0,0.00,0,0,0,0.00,0,0,0,0.00,0,0,0,0.00,0,0,0,0.00
"420031920001",344,344,0,0.00,0,0,0,0.00,0,0,0,0.00,0,0,0,0.00,0,0,0,0.00
"420031920002",275,276,1,0.95,9,10,1,0.03,0,0,0,0.00,0,0,0,0.00,4,2,2,0.03
"420031920003",318,316,2,1.92,13,15,2,0.08,0,0,0,0.00,0,0,0,0.00,0,0,0,0.00
"420031920004",369,368,1,0.86,43,45,2,0.20,7,4,3,0.05,10,12,2,0.05,0,0,0,0.00
"420031920005",204,214,10,7.47,69,59,10,2.53,0,0,0,0.00,0,0,0,0.00,0,0,0,0.00
"420032022001",432,424,8,5.99,119,132,13,2.68,9,5,4,0.06,0,0,0,0.00,17,16,1,0.03
"420032022002",76,76,0,0.00,144,144,0,0.00,0,0,0,0.00,0,0,0,0.00,0,0,0,0.00
"420032022003",228,230,2,1.58,30,37,7,0.73,30,21,9,0.94,0,0,0,0.00,0,0,0,0.00
"420032023001",381,373,8,6.68,49,55,6,0.64,10,12,2,0.04,16,16,0,0.00,0,0,0,0.00
"420032023002",472,472,0,0.00,0,0,0,0.00,0,0,0,0.00,0,0,0,0.00,0,0,0,0.00
"420032023003",336,327,9,8.40,24,33,9,0.60,0,0,0,0.00,0,0,0,0.00,0,0,0,0.00
"420032023004",647,650,3,2.65,0,0,0,0.00,22,20,2,0.06,0,0,0,0.00,64,63,1,0.09
"420032107001",143,146,3,0.61,506,498,8,5.77,22,28,6,0.19,13,9,4,0.07,18,21,3,0.08
"420032107002",21,16,5,0.31,303,314,11,9.98,0,0,0,0.00,0,0,0,0.00,10,4,6,0.18
"420032206001",586,585,1,0.67,280,280,0,0.00,7,8,1,0.01,0,0,0,0.00,0,0,0,0.00
"420032206002",94,74,20,10.05,93,113,20,9.95,0,0,0,0.00,0,0,0,0.00,0,0,0,0.00
"420032406001",676,679,3,2.64,80,76,4,0.42,0,0,0,0.00,0,0,0,0.00,13,14,1,0.02
"420032406002",486,474,12,10.06,85,94,9,1.32,0,0,0,0.00,0,0,0,0.00,9,12,3,0.05
"420032412001",144,143,1,0.86,23,24,1,0.14,0,0,0,0.00,0,0,0,0.00,0,0,0,0.00
"420032412002",213,219,6,5.22,32,26,6,0.78,0,0,0,0.00,0,0,0,0.00,0,0,0,0.00
"420032503001",271,281,10,5.14,256,246,10,4.86,0,0,0,0.00,0,0,0,0.00,0,0,0,0.00
"420032507001",91,108,17,4.96,221,204,17,12.04,0,0,0,0.00,0,0,0,0.00,0,0,0,0.00
"420032509001",84,86,2,0.46,280,278,2,1.54,0,0,0,0.00,0,0,0,0.00,0,0,0,0.00
"420032509002",139,136,3,1.68,109,112,3,1.32,0,0,0,0.00,0,0,0,0.00,0,0,0,0.00
"420032602001",221,213,8,6.27,54,63,9,1.72,7,6,1,0.02,0,0,0,0.00,0,0,0,0.00
"420032602002",319,320,1,0.76,84,86,2,0.40,10,9,1,0.02,0,0,0,0.00,5,3,2,0.02
"420032602003",181,172,9,6.93,54,63,9,2.07,0,0,0,0.00,0,0,0,0.00,0,0,0,0.00
"420032607001",185,185,0,0.00,131,131,0,0.00,0,0,0,0.00,0,0,0,0.00,0,0,0,0.00
"420032607002",165,175,10,3.99,226,217,9,4.91,0,0,0,0.00,0,0,0,0.00,23,22,1,0.06
"420032609001",17,18,1,0.04,430,431,1,0.93,0,0,0,0.00,0,0,0,0.00,13,11,2,0.06
"420032612001",430,426,4,3.58,51,55,4,0.42,0,0,0,0.00,0,0,0,0.00,0,0,0,0.00
"420032614001",47,44,3,0.53,217,220,3,2.47,0,0,0,0.00,0,0,0,0.00,0,0,0,0.00
"420032614002",182,191,9,6.94,22,19,3,0.28,16,10,6,0.41,0,0,0,0.00,16,16,0,0.00
"420032614003",35,32,3,0.33,279,283,4,3.50,0,0,0,0.00,0,0,0,0.00,5,4,1,0.02
"420032614004",50,33,17,3.73,178,195,17,13.27,0,0,0,0.00,0,0,0,0.00,0,0,0,0.00
"420032615001",121,122,1,0.33,243,241,2,1.31,0,0,0,0.00,0,0,0,0.00,8,9,1,0.02
"420032615002",176,176,0,0.00,192,182,10,4.96,0,0,0,0.00,2,6,4,0.02,17,23,6,0.26
"420032620001",572,569,3,2.95,9,12,3,0.05,0,0,0,0.00,0,0,0,0.00,0,0,0,0.00
"420032620002",105,104,1,0.37,180,181,1,0.63,0,0,0,0.00,0,0,0,0.00,0,0,0,0.00
"420032620003",283,288,5,4.81,11,6,5,0.19,0,0,0,0.00,0,0,0,0.00,0,0,0,0.00
"420032701001",598,600,2,1.79,61,57,4,0.36,0,0,0,0.00,0,0,0,0.00,10,12,2,0.03
"420032701002",333,342,9,6.32,136,127,9,2.58,0,0,0,0.00,5,5,0,0.00,0,0,0,0.00
"420032703001",421,422,1,0.77,111,113,2,0.41,0,0,0,0.00,0,0,0,0.00,12,9,3,0.07
"420032703002",257,242,15,11.30,84,99,15,3.70,0,0,0,0.00,0,0,0,0.00,0,0,0,0.00
"420032704001",263,260,3,1.67,193,191,2,0.82,0,0,0,0.00,10,12,2,0.04,7,10,3,0.04
"420032708001",296,298,2,1.68,56,54,2,0.32,0,0,0,0.00,0,0,0,0.00,0,0,0,0.00
"420032708002",370,387,17,13.56,94,77,17,3.44,0,0,0,0.00,0,0,0,0.00,0,0,0,0.00
"420032708003",396,391,5,4.77,19,24,5,0.23,0,0,0,0.00,0,0,0,0.00,0,0,0,0.00
"420032715001",266,271,5,3.70,93,88,5,1.30,0,0,0,0.00,0,0,0,0.00,0,0,0,0.00
"420032715002",266,262,4,2.03,242,249,7,3.23,0,0,0,0.00,16,13,3,0.09,0,0,0,0.00
"420032715003",341,347,6,4.34,102,96,6,1.30,0,0,0,0.00,28,28,0,0.00,0,0,0,0.00
"420032814001",327,331,4,3.57,33,30,3,0.27,0,0,0,0.00,6,5,1,0.02,0,0,0,0.00
"420032814002",335,329,6,3.21,291,297,6,2.79,0,0,0,0.00,0,0,0,0.00,0,0,0,0.00
"420032815001",198,199,1,0.89,18,17,1,0.08,0,0,0,0.00,0,0,0,0.00,7,7,0,0.00
"420032815002",372,367,5,4.54,30,31,1,0.07,0,0,0,0.00,0,0,0,0.00,8,12,4,0.08
"420032901001",291,294,3,2.94,0,0,0,0.00,6,3,3,0.06,0,0,0,0.00,0,0,0,0.00
"420032901002",241,228,13,10.80,49,62,13,2.20,0,0,0,0.00,0,0,0,0.00,0,0,0,0.00
"420032901003",252,247,5,3.97,33,42,9,0.94,32,28,4,0.40,0,0,0,0.00,0,0,0,0.00
"420032902001",350,354,4,3.63,8,3,5,0.10,0,0,0,0.00,0,0,0,0.00,28,29,1,0.07
"420032902002",428,436,8,7.66,15,10,5,0.17,4,1,3,0.03,0,0,0,0.00,0,0,0,0.00
"420032902003",209,202,7,5.48,25,29,4,0.37,11,9,2,0.08,0,0,0,0.00,22,27,5,0.41
"420032902004",268,267,1,0.95,0,0,0,0.00,0,0,0,0.00,0,0,0,0.00,14,15,1,0.05
"420032902005",330,335,5,4.29,40,34,6,0.62,0,0,0,0.00,0,0,0,0.00,15,16,1,0.04
"420032904001",193,186,7,5.82,39,46,7,1.18,0,0,0,0.00,0,0,0,0.00,0,0,0,0.00
"420032904002",495,487,8,7.19,56,64,8,0.81,0,0,0,0.00,0,0,0,0.00,0,0,0,0.00
"420032904003",316,316,0,0.00,0,0,0,0.00,0,0,0,0.00,0,0,0,0.00,0,0,0,0.00
"420032904004",357,351,6,5.32,0,0,0,0.00,0,0,0,0.00,0,0,0,0.00,46,52,6,0.68
"420032904005",237,243,6,5.25,34,28,6,0.75,0,0,0,0.00,0,0,0,0.00,0,0,0,0.00
"420033001001",23,20,3,0.47,118,123,5,4.04,5,3,2,0.07,0,0,0,0.00,0,0,0,0.00
"420033001002",35,37,2,0.37,153,151,2,1.63,0,0,0,0.00,0,0,0,0.00,0,0,0,0.00
"420033001003",166,175,9,4.32,165,151,14,6.68,0,0,0,0.00,0,0,0,0.00,15,20,5,0.22
"420033001004",113,113,0,0.00,140,147,7,3.50,27,20,7,0.67,0,0,0,0.00,0,0,0,0.00
"420033001005",163,158,5,3.79,52,57,5,1.21,0,0,0,0.00,0,0,0,0.00,0,0,0,0.00
"420033001006",201,201,0,0.00,72,73,1,0.25,12,11,1,0.04,0,0,0,0.00,0,0,0,0.00
"420033102001",293,293,0,0.00,0,0,0,0.00,0,0,0,0.00,0,0,0,0.00,0,0,0,0.00
"420033102002",275,275,0,0.00,0,0,0,0.00,0,0,0,0.00,0,0,0,0.00,0,0,0,0.00
"420033102003",262,262,0,0.00,0,0,0,0.00,0,0,0,0.00,0,0,0,0.00,0,0,0,0.00
"420033102004",318,326,8,7.37,0,0,0,0.00,16,8,8,0.37,11,11,0,0.00,0,0,0,0.00
"420033102005",280,280,0,0.00,0,0,0,0.00,0,0,0,0.00,0,0,0,0.00,0,0,0,0.00
"420033103001",385,381,4,3.82,18,22,4,0.18,0,0,0,0.00,0,0,0,0.00,0,0,0,0.00
"420033204001",274,281,7,6.23,20,17,3,0.19,0,0,0,0.00,0,0,0,0.00,14,10,4,0.18
"420033204002",279,279,0,0.00,0,0,0,0.00,0,0,0,0.00,0,0,0,0.00,0,0,0,0.00
"420033204003",258,263,5,4.81,6,2,4,0.09,0,0,0,0.00,0,0,0,0.00,4,3,1,0.01
"420033206001",459,459,0,0.00,24,24,0,0.00,0,0,0,0.00,0,0,0,0.00,0,0,0,0.00
"420033206002",473,467,6,5.61,12,13,1,0.02,0,0,0,0.00,0,0,0,0.00,21,26,5,0.21
"420033207001",489,487,2,1.98,4,6,2,0.02,0,0,0,0.00,0,0,0,0.00,0,0,0,0.00
"420033207002",230,228,2,1.94,0,0,0,0.00,0,0,0,0.00,0,0,0,0.00,7,9,2,0.06
"420034011001",695,695,0,0.00,0,0,0,0.00,0,0,0,0.00,0,0,0,0.00,0,0,0,0.00
"420034011002",510,511,1,0.98,11,10,1,0.02,0,0,0,0.00,0,0,0,0.00,0,0,0,0.00
"420034011003",377,377,0,0.00,0,0,0,0.00,0,0,0,0.00,0,0,0,0.00,0,0,0,0.00
"420034011004",450,450,0,0.00,0,0,0,0.00,0,0,0,0.00,0,0,0,0.00,0,0,0,0.00
"420034012001",153,165,12,8.02,76,64,12,3.98,0,0,0,0.00,0,0,0,0.00,0,0,0,0.00
"420034012002",355,363,8,5.21,139,141,2,0.51,10,5,5,0.09,6,8,2,0.02,35,28,7,0.45
"420034012003",333,336,3,2.88,0,0,0,0.00,0,0,0,0.00,0,0,0,0.00,14,11,3,0.12
"420034012004",342,342,0,0.00,0,0,0,0.00,0,0,0,0.00,0,0,0,0.00,0,0,0,0.00
"420034013001",553,549,4,3.90,14,18,4,0.10,0,0,0,0.00,0,0,0,0.00,0,0,0,0.00
"420034013002",279,279,0,0.00,0,0,0,0.00,0,0,0,0.00,0,0,0,0.00,0,0,0,0.00
"420034013003",322,322,0,0.00,0,0,0,0.00,0,0,0,0.00,0,0,0,0.00,0,0,0,0.00
"420034020001",255,255,0,0.00,0,0,0,0.00,0,0,0,0.00,0,0,0,0.00,0,0,0,0.00
"420034020002",266,264,2,1.95,0,0,0,0.00,0,0,0,0.00,0,0,0,0.00,7,9,2,0.05
"420034020003",491,491,0,0.00,15,15,0,0.00,0,0,0,0.00,0,0,0,0.00,0,0,0,0.00
"420034020004",399,398,1,0.87,54,52,2,0.23,7,10,3,0.05,0,0,0,0.00,0,0,0,0.00
"420034035001",369,369,0,0.00,0,0,0,0.00,0,0,0,0.00,0,0,0,0.00,0,0,0,0.00
"420034035002",292,298,6,5.60,21,15,6,0.40,0,0,0,0.00,0,0,0,0.00,0,0,0,0.00
"420034035003",503,503,0,0.00,0,0,0,0.00,0,0,0,0.00,0,0,0,0.00,0,0,0,0.00
"420034035004",421,404,17,14.26,0,0,0,0.00,0,0,0,0.00,59,69,10,1.18,22,29,7,0.31
"420034035005",224,225,1,0.70,98,97,1,0.30,0,0,0,0.00,0,0,0,0.00,0,0,0,0.00
"420034040001",676,677,1,0.96,13,13,0,0.00,0,0,0,0.00,0,0,0,0.00,14,13,1,0.02
"420034050001",267,270,3,2.92,0,0,0,0.00,0,0,0,0.00,4,4,0,0.00,3,0,3,0.03
"420034050002",225,225,0,0.00,0,0,0,0.00,0,0,0,0.00,0,0,0,0.00,0,0,0,0.00
"420034060001",698,702,4,3.95,0,0,0,0.00,5,2,3,0.02,0,0,0,0.00,3,2,1,0.00
"420034060002",257,257,0,0.00,0,0,0,0.00,0,0,0,0.00,0,0,0,0.00,0,0,0,0.00
"420034070011",293,293,0,0.00,0,0,0,0.00,0,0,0,0.00,0,0,0,0.00,0,0,0,0.00
"420034070012",568,568,0,0.00,0,0,0,0.00,0,0,0,0.00,0,0,0,0.00,0,0,0,0.00
"420034070013",645,643,2,1.97,0,0,0,0.00,11,13,2,0.03,0,0,0,0.00,0,0,0,0.00
"420034070014",659,659,0,0.00,0,0,0,0.00,0,0,0,0.00,0,0,0,0.00,0,0,0,0.00
"420034070021",543,548,5,4.66,39,34,5,0.34,0,0,0,0.00,0,0,0,0.00,0,0,0,0.00
"420034070022",642,642,0,0.00,0,0,0,0.00,0,0,0,0.00,0,0,0,0.00,0,0,0,0.00
"420034070023",324,324,0,0.00,0,0,0,0.00,0,0,0,0.00,0,0,0,0.00,0,0,0,0.00
"420034070024",1013,1016,3,2.87,0,0,0,0.00,0,0,0,0.00,35,32,3,0.10,11,11,0,0.00
"420034080011",467,467,0,0.00,0,0,0,0.00,0,0,0,0.00,0,0,0,0.00,0,0,0,0.00
"420034080012",808,808,0,0.00,0,0,0,0.00,0,0,0,0.00,0,0,0,0.00,0,0,0,0.00
"420034080013",620,626,6,5.81,9,6,3,0.04,0,0,0,0.00,11,8,3,0.05,0,0,0,0.00
"420034080021",1260,1254,6,5.80,17,22,5,0.07,27,28,1,0.02,0,0,0,0.00,0,0,0,0.00
"420034080022",959,957,2,1.92,0,0,0,0.00,24,21,3,0.07,0,0,0,0.00,17,22,5,0.09
"420034090001",1084,1087,3,2.83,10,12,2,0.02,43,41,2,0.07,0,0,0,0.00,11,8,3,0.03
"420034090002",643,649,6,5.66,14,18,4,0.08,25,15,10,0.37,0,0,0,0.00,0,0,0,0.00
"420034090003",1044,1040,4,3.84,44,48,4,0.16,0,0,0,0.00,0,0,0,0.00,0,0,0,0.00
"420034090004",936,936,0,0.00,14,11,3,0.04,65,68,3,0.19,0,0,0,0.00,0,0,0,0.00
"420034100001",441,447,6,5.58,0,0,0,0.00,4,4,0,0.00,29,23,6,0.37,0,0,0,0.00
"420034110001",399,400,1,0.98,0,0,0,0.00,9,8,1,0.02,0,0,0,0.00,0,0,0,0.00
"420034110002",905,903,2,1.83,11,8,3,0.03,51,53,2,0.10,0,0,0,0.00,21,24,3,0.06
"420034110003",893,894,1,0.88,51,61,10,0.50,64,58,6,0.38,11,6,5,0.05,0,0,0,0.00
"420034120011",712,704,8,6.56,0,0,0,0.00,79,80,1,0.09,77,84,7,0.62,0,0,0,0.00
"420034120012",632,621,11,10.22,0,0,0,0.00,41,50,9,0.54,0,0,0,0.00,7,9,2,0.02
"420034120013",602,607,5,4.51,47,46,1,0.07,19,15,4,0.11,0,0,0,0.00,0,0,0,0.00
"420034120014",730,725,5,4.48,0,0,0,0.00,84,89,5,0.52,0,0,0,0.00,0,0,0,0.00
"420034120021",940,931,9,8.32,11,13,2,0.02,66,73,7,0.45,0,0,0,0.00,0,0,0,0.00
"420034120022",670,671,1,0.99,0,0,0,0.00,6,5,1,0.01,0,0,0,0.00,0,0,0,0.00
"420034131001",425,416,9,8.63,0,0,0,0.00,18,27,9,0.37,0,0,0,0.00,0,0,0,0.00
"420034131002",806,789,17,15.09,0,0,0,0.00,60,61,1,0.07,0,0,0,0.00,42,58,16,0.74
"420034131003",451,454,3,2.87,0,0,0,0.00,20,17,3,0.13,0,0,0,0.00,0,0,0,0.00
"420034131004",705,718,13,12.08,0,0,0,0.00,54,41,13,0.92,0,0,0,0.00,0,0,0,0.00
"420034132011",336,334,2,1.87,0,0,0,0.00,23,25,2,0.13,0,0,0,0.00,0,0,0,0.00
"420034132012",511,511,0,0.00,0,0,0,0.00,0,0,0,0.00,0,0,0,0.00,0,0,0,0.00
"420034132013",694,690,4,3.85,27,31,4,0.15,0,0,0,0.00,0,0,0,0.00,0,0,0,0.00
"420034132021",446,446,0,0.00,0,0,0,0.00,0,0,0,0.00,0,0,0,0.00,0,0,0,0.00
"420034132022",764,764,0,0.00,0,0,0,0.00,8,8,0,0.00,0,0,0,0.00,0,0,0,0.00
"420034133001",609,614,5,4.77,0,0,0,0.00,29,24,5,0.23,0,0,0,0.00,0,0,0,0.00
"420034133002",906,904,2,1.85,39,38,1,0.04,33,36,3,0.10,0,0,0,0.00,0,0,0,0.00
"420034133003",241,241,0,0.00,0,0,0,0.00,0,0,0,0.00,0,0,0,0.00,0,0,0,0.00
"420034134001",609,609,0,0.00,0,0,0,0.00,7,7,0,0.00,0,0,0,0.00,0,0,0,0.00
"420034134002",488,488,0,0.00,0,0,0,0.00,0,0,0,0.00,0,0,0,0.00,0,0,0,0.00
"420034134003",506,509,3,2.78,0,0,0,0.00,36,35,1,0.07,4,2,2,0.01,0,0,0,0.00
"420034135001",388,390,2,1.93,15,13,2,0.07,0,0,0,0.00,0,0,0,0.00,0,0,0,0.00
"420034135002",944,938,6,5.85,0,0,0,0.00,25,31,6,0.15,0,0,0,0.00,0,0,0,0.00
"420034135003",475,483,8,6.41,15,12,3,0.08,103,98,5,0.87,0,0,0,0.00,0,0,0,0.00
"420034135004",780,780,0,0.00,17,17,0,0.00,0,0,0,0.00,0,0,0,0.00,0,0,0,0.00
"420034141011",859,859,0,0.00,0,0,0,0.00,0,0,0,0.00,0,0,0,0.00,0,0,0,0.00
"420034141012",442,442,0,0.00,0,0,0,0.00,0,0,0,0.00,0,0,0,0.00,0,0,0,0.00
"420034141013",260,268,8,7.12,7,6,1,0.02,25,18,7,0.60,0,0,0,0.00,0,0,0,0.00
"420034141014",347,350,3,2.65,0,0,0,0.00,46,43,3,0.35,0,0,0,0.00,0,0,0,0.00
"420034141021",1043,1035,8,7.53,30,36,6,0.16,35,37,2,0.06,0,0,0,0.00,0,0,0,0.00
"420034141022",1059,1064,5,4.89,0,0,0,0.00,23,18,5,0.11,0,0,0,0.00,0,0,0,0.00
"420034141023",754,755,1,0.98,0,0,0,0.00,0,0,0,0.00,17,16,1,0.02,0,0,0,0.00
"420034142001",1121,1119,2,1.96,0,0,0,0.00,11,11,0,0.00,14,16,2,0.02,0,0,0,0.00
"420034142002",401,401,0,0.00,0,0,0,0.00,0,0,0,0.00,0,0,0,0.00,0,0,0,0.00
"420034142003",712,708,4,3.91,0,0,0,0.00,17,21,4,0.09,0,0,0,0.00,0,0,0,0.00
"420034150011",361,362,1,0.99,0,0,0,0.00,4,3,1,0.01,0,0,0,0.00,0,0,0,0.00
"420034150012",575,575,0,0.00,8,11,3,0.04,9,7,2,0.03,0,0,0,0.00,13,12,1,0.02
"420034150013",697,694,3,2.83,0,0,0,0.00,41,44,3,0.17,0,0,0,0.00,0,0,0,0.00
"420034150021",463,452,11,9.74,40,54,14,1.07,20,17,3,0.11,0,0,0,0.00,0,0,0,0.00
"420034150022",435,435,0,0.00,0,0,0,0.00,0,0,0,0.00,0,0,0,0.00,0,0,0,0.00
"420034160001",467,468,1,1.00,0,0,0,0.00,0,0,0,0.00,2,1,1,0.00,0,0,0,0.00
"420034160002",323,323,0,0.00,0,0,0,0.00,0,0,0,0.00,0,0,0,0.00,3,3,0,0.00
"420034171001",351,354,3,2.91,0,0,0,0.00,0,0,0,0.00,0,0,0,0.00,11,8,3,0.09
"420034171002",325,327,2,1.95,0,0,0,0.00,8,6,2,0.05,0,0,0,0.00,0,0,0,0.00
"420034171003",278,278,0,0.00,0,0,0,0.00,0,0,0,0.00,0,0,0,0.00,0,0,0,0.00
"420034172001",603,600,3,2.86,13,7,6,0.12,0,0,0,0.00,17,26,9,0.24,0,0,0,0.00
"420034180001",815,816,1,0.99,6,5,1,0.01,0,0,0,0.00,0,0,0,0.00,0,0,0,0.00
"420034190001",415,420,5,4.69,18,15,3,0.12,9,7,2,0.04,0,0,0,0.00,0,0,0,0.00
"420034190002",361,361,0,0.00,0,0,0,0.00,0,0,0,0.00,0,0,0,0.00,0,0,0,0.00
"420034190003",547,546,1,0.93,0,0,0,0.00,0,0,0,0.00,0,0,0,0.00,41,42,1,0.07
"420034200001",780,777,3,2.82,20,23,3,0.07,15,17,2,0.04,15,13,2,0.04,0,0,0,0.00
"420034211001",333,322,11,8.98,26,32,6,0.38,35,36,1,0.09,0,0,0,0.00,14,18,4,0.14
"420034211002",388,388,0,0.00,0,0,0,0.00,0,0,0,0.00,0,0,0,0.00,0,0,0,0.00
"420034211003",581,580,1,0.91,0,0,0,0.00,51,56,5,0.40,0,0,0,0.00,9,5,4,0.06
"420034211004",296,296,0,0.00,0,0,0,0.00,0,0,0,0.00,0,0,0,0.00,0,0,0,0.00
"420034212001",758,758,0,0.00,0,0,0,0.00,0,0,0,0.00,0,0,0,0.00,0,0,0,0.00
"420034212002",377,381,4,3.58,9,10,1,0.02,35,30,5,0.42,0,0,0,0.00,0,0,0,0.00
"420034212003",115,115,0,0.00,0,0,0,0.00,0,0,0,0.00,0,0,0,0.00,0,0,0,0.00
"420034212004",358,356,2,1.79,0,0,0,0.00,43,45,2,0.21,0,0,0,0.00,0,0,0,0.00
"420034220001",551,557,6,5.58,0,0,0,0.00,42,36,6,0.42,0,0,0,0.00,0,0,0,0.00
"420034220002",266,266,0,0.00,0,0,0,0.00,0,0,0,0.00,0,0,0,0.00,0,0,0,0.00
"420034220003",524,524,0,0.00,0,0,0,0.00,0,0,0,0.00,0,0,0,0.00,0,0,0,0.00
"420034220004",623,625,2,1.83,0,0,0,0.00,57,55,2,0.17,0,0,0,0.00,0,0,0,0.00
"420034230001",461,459,2,1.92,0,0,0,0.00,19,21,2,0.08,0,0,0,0.00,0,0,0,0.00
"420034230002",441,434,7,6.34,0,0,0,0.00,46,53,7,0.66,0,0,0,0.00,0,0,0,0.00
"420034230003",400,397,3,2.93,9,12,3,0.07,0,0,0,0.00,0,0,0,0.00,0,0,0,0.00
"420034240001",392,390,2,1.96,0,0,0,0.00,0,0,0,0.00,7,9,2,0.04,0,0,0,0.00
"420034240002",343,340,3,2.87,15,18,3,0.13,0,0,0,0.00,0,0,0,0.00,0,0,0,0.00
"420034240003",390,400,10,9.01,16,14,2,0.07,0,0,0,0.00,11,8,3,0.08,16,11,5,0.18
"420034240004",350,353,3,2.33,92,94,2,0.41,0,0,0,0.00,0,0,0,0.00,9,4,5,0.10
"420034250001",238,239,1,0.94,15,14,1,0.06,0,0,0,0.00,0,0,0,0.00,0,0,0,0.00
"420034250002",412,411,1,0.98,0,0,0,0.00,0,0,0,0.00,0,0,0,0.00,8,9,1,0.02
"420034250003",528,528,0,0.00,11,11,0,0.00,0,0,0,0.00,0,0,0,0.00,0,0,0,0.00
"420034250004",395,395,0,0.00,0,0,0,0.00,0,0,0,0.00,0,0,0,0.00,0,0,0,0.00
"420034263001",690,690,0,0.00,0,0,0,0.00,0,0,0,0.00,0,0,0,0.00,0,0,0,0.00
"420034263002",788,788,0,0.00,0,0,0,0.00,0,0,0,0.00,0,0,0,0.00,0,0,0,0.00
"420034263003",947,950,3,2.96,0,0,0,0.00,0,0,0,0.00,13,10,3,0.04,0,0,0,0.00
"420034264001",381,383,2,1.92,0,0,0,0.00,15,13,2,0.08,0,0,0,0.00,0,0,0,0.00
"420034264002",458,458,0,0.00,0,0,0,0.00,0,0,0,0.00,0,0,0,0.00,0,0,0,0.00
"420034264003",478,478,0,0.00,0,0,0,0.00,0,0,0,0.00,0,0,0,0.00,0,0,0,0.00
"420034264004",701,701,0,0.00,0,0,0,0.00,0,0,0,0.00,0,0,0,0.00,0,0,0,0.00
"420034267001",343,343,0,0.00,0,0,0,0.00,0,0,0,0.00,0,0,0,0.00,0,0,0,0.00
"420034267002",745,751,6,5.60,30,25,5,0.19,0,0,0,0.00,0,0,0,0.00,23,22,1,0.03
"420034268001",518,513,5,4.88,0,0,0,0.00,13,18,5,0.12,0,0,0,0.00,0,0,0,0.00
"420034268002",953,951,2,1.98,12,14,2,0.02,0,0,0,0.00,0,0,0,0.00,0,0,0,0.00
"420034268003",557,560,3,2.96,7,4,3,0.04,0,0,0,0.00,0,0,0,0.00,0,0,0,0.00
"420034270001",673,668,5,4.95,7,12,5,0.05,0,0,0,0.00,0,0,0,0.00,0,0,0,0.00
"420034270002",366,374,8,7.38,21,9,12,0.63,0,0,0,0.00,0,0,0,0.00,10,14,4,0.10
"420034270003",678,679,1,0.96,25,20,5,0.18,0,0,0,0.00,6,10,4,0.03,0,0,0,0.00
"420034271001",670,669,1,0.98,0,0,0,0.00,0,0,0,0.00,14,15,1,0.02,0,0,0,0.00
"420034271002",727,727,0,0.00,0,0,0,0.00,0,0,0,0.00,0,0,0,0.00,0,0,0,0.00
"420034271003",766,768,2,1.97,12,10,2,0.03,0,0,0,0.00,0,0,0,0.00,0,0,0,0.00
"420034272001",568,568,0,0.00,0,0,0,0.00,0,0,0,0.00,0,0,0,0.00,0,0,0,0.00
"420034272002",507,510,3,2.85,26,23,3,0.15,0,0,0,0.00,0,0,0,0.00,0,0,0,0.00
"420034272003",555,553,2,1.96,0,0,0,0.00,12,14,2,0.04,0,0,0,0.00,0,0,0,0.00
"420034272004",516,516,0,0.00,0,0,0,0.00,0,0,0,0.00,0,0,0,0.00,0,0,0,0.00
"420034281001",268,268,0,0.00,0,0,0,0.00,0,0,0,0.00,0,0,0,0.00,0,0,0,0.00
"420034281002",261,261,0,0.00,0,0,0,0.00,0,0,0,0.00,0,0,0,0.00,0,0,0,0.00
"420034282001",272,275,3,2.87,0,0,0,0.00,0,0,0,0.00,0,0,0,0.00,12,9,3,0.13
"420034282002",608,607,1,0.96,14,11,3,0.07,10,14,4,0.06,0,0,0,0.00,0,0,0,0.00
"420034291001",519,514,5,4.95,5,10,5,0.05,0,0,0,0.00,0,0,0,0.00,0,0,0,0.00
"420034291002",564,564,0,0.00,16,16,0,0.00,9,9,0,0.00,0,0,0,0.00,17,17,0,0.00
"420034292011",722,723,1,0.98,0,0,0,0.00,17,16,1,0.02,0,0,0,0.00,0,0,0,0.00
"420034292012",899,892,7,6.29,19,21,2,0.04,83,88,5,0.41,0,0,0,0.00,0,0,0,0.00
"420034292021",492,492,0,0.00,0,0,0,0.00,0,0,0,0.00,0,0,0,0.00,0,0,0,0.00
"420034292022",632,645,13,12.26,31,17,14,0.65,0,0,0,0.00,0,0,0,0.00,7,8,1,0.01
"420034292023",705,707,2,1.94,12,13,1,0.02,8,5,3,0.03,0,0,0,0.00,0,0,0,0.00
"420034293001",875,875,0,0.00,0,0,0,0.00,0,0,0,0.00,0,0,0,0.00,0,0,0,0.00
"420034293002",695,695,0,0.00,0,0,0,0.00,18,18,0,0.00,0,0,0,0.00,0,0,0,0.00
"420034293003",536,536,0,0.00,0,0,0,0.00,0,0,0,0.00,0,0,0,0.00,0,0,0,0.00
"420034293004",379,379,0,0.00,0,0,0,0.00,0,0,0,0.00,0,0,0,0.00,0,0,0,0.00
"420034294001",250,246,4,3.62,0,0,0,0.00,26,30,4,0.38,0,0,0,0.00,0,0,0,0.00
"420034294002",745,744,1,0.98,16,17,1,0.02,0,0,0,0.00,0,0,0,0.00,0,0,0,0.00
"420034294003",534,535,1,0.99,6,5,1,0.01,0,0,0,0.00,0,0,0,0.00,0,0,0,0.00
"420034294004",345,345,0,0.00,0,0,0,0.00,0,0,0,0.00,0,0,0,0.00,0,0,0,0.00
"420034295001",977,975,2,1.96,0,0,0,0.00,18,20,2,0.04,0,0,0,0.00,0,0,0,0.00
"420034295002",942,954,12,10.65,59,53,6,0.33,55,47,8,0.41,5,7,2,0.01,0,0,0,0.00
"420034295003",295,295,0,0.00,0,0,0,0.00,0,0,0,0.00,0,0,0,0.00,0,0,0,0.00
"420034296001",992,1004,12,10.68,98,91,7,0.62,11,10,1,0.01,0,0,0,0.00,14,10,4,0.05
"420034296002",417,411,6,5.81,0,0,0,0.00,14,20,6,0.19,0,0,0,0.00,0,0,0,0.00
"420034297001",661,662,1,0.98,13,12,1,0.02,0,0,0,0.00,0,0,0,0.00,0,0,0,0.00
"420034297002",355,360,5,4.77,11,4,7,0.21,0,0,0,0.00,6,8,2,0.03,0,0,0,0.00
"420034301001",290,287,3,2.74,11,15,4,0.14,16,15,1,0.05,0,0,0,0.00,0,0,0,0.00
"420034301002",591,590,1,0.98,11,12,1,0.02,0,0,0,0.00,0,0,0,0.00,0,0,0,0.00
"420034302001",375,375,0,0.00,0,0,0,0.00,0,0,0,0.00,0,0,0,0.00,0,0,0,0.00
"420034302002",542,536,6,5.38,52,58,6,0.52,0,0,0,0.00,10,10,0,0.00,0,0,0,0.00
"420034302003",445,445,0,0.00,0,0,0,0.00,0,0,0,0.00,0,0,0,0.00,0,0,0,0.00
"420034302004",324,324,0,0.00,0,0,0,0.00,0,0,0,0.00,0,0,0,0.00,0,0,0,0.00
"420034302005",343,343,0,0.00,0,0,0,0.00,0,0,0,0.00,0,0,0,0.00,0,0,0,0.00
"420034311001",786,786,0,0.00,63,61,2,0.14,0,0,0,0.00,23,18,5,0.13,10,17,7,0.08
"420034311002",711,705,6,5.39,81,87,6,0.61,0,0,0,0.00,0,0,0,0.00,0,0,0,0.00
"420034314001",852,843,9,8.51,49,58,9,0.49,0,0,0,0.00,0,0,0,0.00,0,0,0,0.00
"420034315001",290,290,0,0.00,0,0,0,0.00,0,0,0,0.00,0,0,0,0.00,0,0,0,0.00
"420034315002",424,425,1,0.95,0,0,0,0.00,0,0,0,0.00,20,19,1,0.05,0,0,0,0.00
"420034315003",507,505,2,1.76,55,55,0,0.00,0,0,0,0.00,0,0,0,0.00,15,17,2,0.05
"420034315004",325,327,2,1.86,9,10,1,0.03,10,9,1,0.03,0,0,0,0.00,5,3,2,0.03
"420034323001",468,477,9,8.47,21,14,7,0.30,0,0,0,0.00,0,0,0,0.00,8,6,2,0.03
"420034323002",550,556,6,5.26,43,40,3,0.21,25,24,1,0.04,0,0,0,0.00,9,7,2,0.03
"420034324001",512,521,9,8.42,26,17,9,0.43,9,9,0,0.00,0,0,0,0.00,0,0,0,0.00
"420034324002",289,290,1,0.73,61,52,9,1.39,0,0,0,0.00,38,41,3,0.29,8,13,5,0.10
"420034324003",322,322,0,0.00,9,10,1,0.03,13,12,1,0.04,0,0,0,0.00,0,0,0,0.00
"420034340001",338,345,7,6.46,20,12,8,0.44,8,9,1,0.02,0,0,0,0.00,0,0,0,0.00
"420034340002",350,345,5,4.68,3,2,1,0.01,3,2,1,0.01,7,10,3,0.06,11,15,4,0.12
"420034350001",561,559,2,1.97,0,0,0,0.00,8,10,2,0.03,0,0,0,0.00,0,0,0,0.00
"420034350002",492,493,1,0.89,24,22,2,0.09,6,3,3,0.03,0,0,0,0.00,32,36,4,0.23
"420034370001",990,989,1,0.98,0,0,0,0.00,0,0,0,0.00,0,0,0,0.00,20,21,1,0.02
"420034370002",743,744,1,0.91,11,12,1,0.01,45,45,0,0.00,14,12,2,0.03,0,0,0,0.00
"420034390001",492,493,1,0.92,24,26,2,0.09,3,3,0,0.00,0,0,0,0.00,13,10,3,0.07
"420034455001",418,413,5,4.58,30,32,2,0.13,8,11,3,0.05,0,0,0,0.00,0,0,0,0.00
"420034455002",684,685,1,0.89,87,86,1,0.11,0,0,0,0.00,0,0,0,0.00,0,0,0,0.00
"420034455003",500,502,2,1.86,21,21,0,0.00,17,15,2,0.06,0,0,0,0.00,0,0,0,0.00
"420034460001",292,290,2,1.93,7,8,1,0.02,4,5,1,0.01,0,0,0,0.00,0,0,0,0.00
"420034460002",297,294,3,2.92,2,5,3,0.02,3,3,0,0.00,3,3,0,0.00,0,0,0,0.00
"420034470001",556,559,3,2.78,16,16,0,0.00,22,24,2,0.07,3,1,2,0.01,4,1,3,0.02
"420034480001",529,526,3,2.82,15,20,5,0.13,4,3,1,0.01,0,0,0,0.00,15,14,1,0.03
"420034490001",994,999,5,4.66,14,18,4,0.05,30,22,8,0.22,12,10,2,0.02,17,18,1,0.02
"420034507001",598,598,0,0.00,15,13,2,0.05,17,8,9,0.23,19,27,8,0.23,4,7,3,0.02
"420034507002",755,755,0,0.00,37,37,0,0.00,0,0,0,0.00,0,0,0,0.00,24,24,0,0.00
"420034508001",571,571,0,0.00,93,93,0,0.00,33,32,1,0.05,0,0,0,0.00,11,12,1,0.02
"420034508002",233,237,4,3.46,36,32,4,0.54,0,0,0,0.00,0,0,0,0.00,0,0,0,0.00
"420034508003",264,264,0,0.00,37,37,0,0.00,0,0,0,0.00,0,0,0,0.00,0,0,0,0.00
"420034511011",810,813,3,2.89,20,23,3,0.07,11,5,6,0.08,0,0,0,0.00,0,0,0,0.00
"420034511012",677,677,0,0.00,0,0,0,0.00,0,0,0,0.00,0,0,0,0.00,0,0,0,0.00
"420034511021",576,589,13,9.15,183,159,24,5.37,47,53,6,0.34,0,0,0,0.00,12,17,5,0.07
"420034511022",370,373,3,2.66,30,28,2,0.14,0,0,0,0.00,8,5,3,0.06,9,11,2,0.04
"420034511023",631,646,15,13.02,24,25,1,0.03,24,16,8,0.26,0,0,0,0.00,48,40,8,0.53
"420034511041",916,914,2,1.86,41,47,6,0.25,28,24,4,0.11,0,0,0,0.00,0,0,0,0.00
"420034511042",257,257,0,0.00,0,0,0,0.00,0,0,0,0.00,0,0,0,0.00,0,0,0,0.00
"420034511051",707,721,14,13.04,52,38,14,0.96,0,0,0,0.00,0,0,0,0.00,0,0,0,0.00
"420034511052",464,470,6,5.56,13,10,3,0.08,24,21,3,0.14,0,0,0,0.00,0,0,0,0.00
"420034511053",773,783,10,8.50,49,44,5,0.27,38,32,6,0.25,49,50,1,0.05,0,0,0,0.00
"420034513001",1164,1142,22,19.68,61,73,12,0.56,64,64,0,0.00,0,0,0,0.00,12,22,10,0.09
"420034513002",499,498,1,0.97,0,0,0,0.00,14,15,1,0.03,0,0,0,0.00,0,0,0,0.00
"420034513003",610,610,0,0.00,0,0,0,0.00,0,0,0,0.00,0,0,0,0.00,0,0,0,0.00
"420034513004",331,331,0,0.00,0,0,0,0.00,0,0,0,0.00,0,0,0,0.00,0,0,0,0.00
"420034520001",207,207,0,0.00,0,0,0,0.00,0,0,0,0.00,0,0,0,0.00,0,0,0,0.00
"420034520002",696,691,5,4.80,13,22,9,0.16,0,0,0,0.00,0,0,0,0.00,16,12,4,0.09
"420034520003",600,600,0,0.00,0,0,0,0.00,11,12,1,0.02,16,15,1,0.03,0,0,0,0.00
"420034520004",506,513,7,6.65,0,0,0,0.00,0,0,0,0.00,27,20,7,0.35,0,0,0,0.00
"420034530031",479,473,6,5.83,0,0,0,0.00,0,0,0,0.00,14,20,6,0.17,0,0,0,0.00
"420034530032",202,205,3,2.55,36,33,3,0.45,0,0,0,0.00,0,0,0,0.00,0,0,0,0.00
"420034530041",684,681,3,2.96,0,0,0,0.00,9,12,3,0.04,0,0,0,0.00,0,0,0,0.00
"420034530042",830,834,4,3.52,22,25,3,0.07,76,63,13,1.05,0,0,0,0.00,16,22,6,0.10
"420034530043",915,906,9,7.89,83,91,8,0.64,28,33,5,0.13,0,0,0,0.00,18,14,4,0.07
"420034530044",367,367,0,0.00,0,0,0,0.00,0,0,0,0.00,0,0,0,0.00,0,0,0,0.00
"420034550001",620,620,0,0.00,0,0,0,0.00,0,0,0,0.00,0,0,0,0.00,0,0,0,0.00
"420034560011",384,384,0,0.00,0,0,0,0.00,0,0,0,0.00,0,0,0,0.00,0,0,0,0.00
"420034560012",825,839,14,13.20,12,6,6,0.08,38,30,8,0.35,0,0,0,0.00,0,0,0,0.00
"420034560031",316,313,3,2.72,0,0,0,0.00,26,28,2,0.15,0,0,0,0.00,7,8,1,0.02
"420034560032",1168,1176,8,7.68,29,23,6,0.14,7,4,3,0.02,0,0,0,0.00,12,13,1,0.01
"420034560033",745,750,5,4.68,15,13,2,0.04,28,24,4,0.14,0,0,0,0.00,8,9,1,0.01
"420034560041",823,823,0,0.00,0,0,0,0.00,0,0,0,0.00,0,0,0,0.00,0,0,0,0.00
"420034560042",1219,1230,11,9.45,12,14,2,0.02,181,165,16,2.04,0,0,0,0.00,7,10,3,0.01
"420034571001",323,325,2,1.87,22,20,2,0.13,0,0,0,0.00,0,0,0,0.00,0,0,0,0.00
"420034571002",340,333,7,6.15,9,11,2,0.05,0,0,0,0.00,10,9,1,0.03,28,34,6,0.43
"420034572001",268,270,2,1.96,6,4,2,0.04,0,0,0,0.00,0,0,0,0.00,0,0,0,0.00
"420034572002",372,372,0,0.00,0,0,0,0.00,0,0,0,0.00,0,0,0,0.00,0,0,0,0.00
"420034572003",643,646,3,2.87,0,0,0,0.00,29,26,3,0.13,0,0,0,0.00,0,0,0,0.00
"420034572004",398,394,4,3.57,10,14,4,0.09,0,0,0,0.00,0,0,0,0.00,38,38,0,0.00
"420034580001",276,276,0,0.00,0,0,0,0.00,0,0,0,0.00,0,0,0,0.00,0,0,0,0.00
"420034580002",1399,1393,6,5.68,13,11,2,0.02,65,73,8,0.35,0,0,0,0.00,0,0,0,0.00
"420034580003",694,694,0,0.00,0,0,0,0.00,0,0,0,0.00,0,0,0,0.00,0,0,0,0.00
"420034580004",648,648,0,0.00,0,0,0,0.00,0,0,0,0.00,0,0,0,0.00,0,0,0,0.00
"420034591011",652,651,1,0.98,2,4,2,0.01,0,0,0,0.00,0,0,0,0.00,8,7,1,0.01
"420034591021",677,687,10,9.08,51,43,8,0.55,18,16,2,0.05,0,0,0,0.00,0,0,0,0.00
"420034591022",355,361,6,5.31,43,38,5,0.54,3,2,1,0.01,0,0,0,0.00,0,0,0,0.00
"420034591023",1011,1003,8,7.76,22,29,7,0.15,9,10,1,0.01,0,0,0,0.00,0,0,0,0.00
"420034592011",771,776,5,4.80,0,0,0,0.00,13,6,7,0.11,0,0,0,0.00,19,21,2,0.05
"420034592012",761,758,3,2.25,38,41,3,0.11,170,182,12,2.01,32,20,12,0.38,13,13,0,0.00
"420034592013",692,693,1,0.98,17,16,1,0.02,0,0,0,0.00,0,0,0,0.00,0,0,0,0.00
"420034592014",275,275,0,0.00,0,0,0,0.00,0,0,0,0.00,0,0,0,0.00,0,0,0,0.00
"420034592021",458,457,1,0.97,7,7,0,0.00,0,0,0,0.00,6,7,1,0.01,0,0,0,0.00
"420034600011",1149,1161,12,11.40,50,44,6,0.25,10,4,6,0.05,0,0,0,0.00,0,0,0,0.00
"420034600012",709,712,3,2.97,0,0,0,0.00,0,0,0,0.00,0,0,0,0.00,7,4,3,0.03
"420034600021",246,246,0,0.00,0,0,0,0.00,0,0,0,0.00,0,0,0,0.00,0,0,0,0.00
"420034600022",829,832,3,2.95,15,12,3,0.05,0,0,0,0.00,0,0,0,0.00,0,0,0,0.00
"420034600023",280,280,0,0.00,0,0,0,0.00,0,0,0,0.00,0,0,0,0.00,0,0,0,0.00
"420034610001",517,520,3,2.88,15,11,4,0.11,0,0,0,0.00,4,3,1,0.01,2,4,2,0.01
"420034621001",300,300,0,0.00,0,0,0,0.00,0,0,0,0.00,0,0,0,0.00,0,0,0,0.00
"420034621002",261,265,4,3.65,25,21,4,0.35,0,0,0,0.00,0,0,0,0.00,0,0,0,0.00
"420034621003",482,500,18,14.34,95,78,17,2.67,0,0,0,0.00,0,0,0,0.00,28,27,1,0.05
"420034626001",243,245,2,1.32,126,124,2,0.68,0,0,0,0.00,0,0,0,0.00,0,0,0,0.00
"420034626002",375,376,1,0.95,0,0,0,0.00,0,0,0,0.00,9,7,2,0.05,9,10,1,0.02
"420034626003",278,277,1,0.79,41,38,3,0.35,0,0,0,0.00,5,7,2,0.03,27,29,2,0.15
"420034626004",471,470,1,0.80,118,119,1,0.20,0,0,0,0.00,0,0,0,0.00,0,0,0,0.00
"420034639001",473,485,12,10.41,26,25,1,0.05,0,0,0,0.00,0,0,0,0.00,46,35,11,0.93
"420034639002",335,327,8,7.57,19,27,8,0.43,0,0,0,0.00,0,0,0,0.00,0,0,0,0.00
"420034639003",240,249,9,6.55,90,81,9,2.45,0,0,0,0.00,0,0,0,0.00,0,0,0,0.00
"420034643001",558,560,2,1.92,24,22,2,0.08,0,0,0,0.00,0,0,0,0.00,0,0,0,0.00
"420034643002",287,281,6,4.40,75,72,3,0.58,29,38,9,0.67,0,0,0,0.00,0,0,0,0.00
"420034643003",286,288,2,1.94,0,0,0,0.00,0,0,0,0.00,0,0,0,0.00,9,7,2,0.06
"420034643004",223,213,10,9.18,20,30,10,0.82,0,0,0,0.00,0,0,0,0.00,0,0,0,0.00
"420034644001",183,185,2,1.60,46,44,2,0.40,0,0,0,0.00,0,0,0,0.00,0,0,0,0.00
"420034644002",156,138,18,7.65,164,179,15,6.70,0,0,0,0.00,9,9,0,0.00,38,41,3,0.31
"420034644003",221,215,6,3.10,179,175,4,1.67,0,0,0,0.00,9,10,1,0.02,19,28,9,0.40
"420034644004",398,400,2,1.60,101,99,2,0.40,0,0,0,0.00,0,0,0,0.00,0,0,0,0.00
"420034656001",505,502,3,2.81,35,38,3,0.19,0,0,0,0.00,0,0,0,0.00,0,0,0,0.00
"420034656002",617,606,11,10.33,30,39,9,0.41,0,0,0,0.00,10,12,2,0.03,0,0,0,0.00
"420034658001",655,654,1,0.96,0,0,0,0.00,0,0,0,0.00,0,0,0,0.00,29,30,1,0.04
"420034658002",464,458,6,5.76,13,19,6,0.16,0,0,0,0.00,0,0,0,0.00,6,6,0,0.00
"420034658003",417,420,3,2.95,0,0,0,0.00,0,0,0,0.00,0,0,0,0.00,7,4,3,0.05
"420034687001",494,499,5,4.79,22,17,5,0.21,0,0,0,0.00,0,0,0,0.00,0,0,0,0.00
"420034687002",301,301,0,0.00,9,9,0,0.00,0,0,0,0.00,0,0,0,0.00,0,0,0,0.00
"420034688001",329,328,1,0.92,28,29,1,0.08,0,0,0,0.00,0,0,0,0.00,0,0,0,0.00
"420034688002",290,284,6,5.49,5,4,1,0.02,11,16,5,0.17,0,0,0,0.00,11,13,2,0.07
"420034688003",517,518,1,0.91,39,39,0,0.00,6,3,3,0.03,0,0,0,0.00,6,8,2,0.02
"420034689001",602,605,3,2.95,11,8,3,0.05,0,0,0,0.00,0,0,0,0.00,0,0,0,0.00
"420034689002",449,447,2,1.93,17,19,2,0.07,0,0,0,0.00,0,0,0,0.00,0,0,0,0.00
"420034689003",602,605,3,2.40,124,119,5,0.82,0,0,0,0.00,27,29,2,0.07,0,0,0,0.00
"420034690001",499,499,0,0.00,0,0,0,0.00,0,0,0,0.00,0,0,0,0.00,0,0,0,0.00
"420034690002",967,973,6,5.82,19,16,3,0.06,11,8,3,0.03,0,0,0,0.00,0,0,0,0.00
"420034690003",443,438,5,4.79,0,0,0,0.00,19,24,5,0.21,0,0,0,0.00,0,0,0,0.00
"420034703001",725,737,12,11.15,12,8,4,0.06,43,35,8,0.44,0,0,0,0.00,0,0,0,0.00
"420034703002",891,894,3,2.96,0,0,0,0.00,11,8,3,0.04,0,0,0,0.00,0,0,0,0.00
"420034704001",401,401,0,0.00,0,0,0,0.00,0,0,0,0.00,0,0,0,0.00,0,0,0,0.00
"420034704002",302,301,1,0.96,0,0,0,0.00,11,12,1,0.04,0,0,0,0.00,0,0,0,0.00
"420034704003",623,629,6,5.66,12,9,3,0.05,25,22,3,0.11,0,0,0,0.00,0,0,0,0.00
"420034705011",415,424,9,3.29,12,15,3,0.03,581,575,6,3.07,92,93,1,0.08,35,28,7,0.22
"420034705012",859,867,8,7.29,52,42,10,0.55,32,34,2,0.07,0,0,0,0.00,0,0,0,0.00
"420034705021",637,630,7,6.73,26,33,7,0.27,0,0,0,0.00,0,0,0,0.00,0,0,0,0.00
"420034705022",535,536,1,0.88,14,12,2,0.05,31,35,4,0.20,29,26,3,0.14,0,0,0,0.00
"420034706001",812,812,0,0.00,0,0,0,0.00,0,0,0,0.00,0,0,0,0.00,0,0,0,0.00
"420034706002",322,321,1,0.94,22,23,1,0.06,0,0,0,0.00,0,0,0,0.00,0,0,0,0.00
"420034706003",313,312,1,0.98,8,9,1,0.02,0,0,0,0.00,0,0,0,0.00,0,0,0,0.00
"420034710001",617,617,0,0.00,0,0,0,0.00,0,0,0,0.00,0,0,0,0.00,0,0,0,0.00
"420034721001",689,686,3,2.66,50,53,3,0.19,30,31,1,0.04,0,0,0,0.00,7,6,1,0.01
"420034721002",423,411,12,11.46,0,0,0,0.00,20,32,12,0.54,0,0,0,0.00,0,0,0,0.00
"420034722001",449,449,0,0.00,0,0,0,0.00,0,0,0,0.00,0,0,0,0.00,0,0,0,0.00
"420034722002",286,286,0,0.00,0,0,0,0.00,0,0,0,0.00,0,0,0,0.00,0,0,0,0.00
"420034722003",321,321,0,0.00,0,0,0,0.00,0,0,0,0.00,0,0,0,0.00,0,0,0,0.00
"420034723001",321,321,0,0.00,0,0,0,0.00,0,0,0,0.00,0,0,0,0.00,0,0,0,0.00
"420034723002",360,351,9,8.44,0,0,0,0.00,0,0,0,0.00,0,0,0,0.00,24,33,9,0.56
"420034723003",260,261,1,0.98,0,0,0,0.00,0,0,0,0.00,0,0,0,0.00,5,4,1,0.02
"420034724001",465,465,0,0.00,0,0,0,0.00,0,0,0,0.00,0,0,0,0.00,0,0,0,0.00
"420034724002",341,341,0,0.00,0,0,0,0.00,0,0,0,0.00,0,0,0,0.00,0,0,0,0.00
"420034731001",550,552,2,1.97,0,0,0,0.00,9,7,2,0.03,0,0,0,0.00,0,0,0,0.00
"420034731002",278,278,0,0.00,0,0,0,0.00,0,0,0,0.00,0,0,0,0.00,0,0,0,0.00
"420034731003",423,430,7,6.70,0,0,0,0.00,19,12,7,0.30,0,0,0,0.00,0,0,0,0.00
"420034731004",289,289,0,0.00,0,0,0,0.00,0,0,0,0.00,0,0,0,0.00,0,0,0,0.00
"420034731005",567,567,0,0.00,0,0,0,0.00,0,0,0,0.00,0,0,0,0.00,0,0,0,0.00
"420034732001",430,434,4,3.84,0,0,0,0.00,18,14,4,0.16,0,0,0,0.00,0,0,0,0.00
"420034732002",503,491,12,10.97,0,0,0,0.00,12,21,9,0.20,0,0,0,0.00,35,38,3,0.19
"420034732003",569,558,11,10.31,0,0,0,0.00,28,37,9,0.42,10,12,2,0.03,0,0,0,0.00
"420034733001",556,556,0,0.00,0,0,0,0.00,0,0,0,0.00,0,0,0,0.00,0,0,0,0.00
"420034733002",519,519,0,0.00,25,25,0,0.00,0,0,0,0.00,0,0,0,0.00,0,0,0,0.00
"420034733003",463,452,11,10.79,0,0,0,0.00,0,0,0,0.00,9,20,11,0.21,0,0,0,0.00
"420034733004",415,415,0,0.00,0,0,0,0.00,0,0,0,0.00,0,0,0,0.00,0,0,0,0.00
"420034733005",282,282,0,0.00,0,0,0,0.00,0,0,0,0.00,0,0,0,0.00,0,0,0,0.00
"420034734011",276,282,6,5.75,0,0,0,0.00,12,6,6,0.25,0,0,0,0.00,0,0,0,0.00
"420034734012",242,242,0,0.00,0,0,0,0.00,0,0,0,0.00,0,0,0,0.00,0,0,0,0.00
"420034734013",480,473,7,6.30,25,24,1,0.05,28,36,8,0.42,0,0,0,0.00,0,0,0,0.00
"420034734014",484,493,9,8.38,0,0,0,0.00,16,15,1,0.03,0,0,0,0.00,20,12,8,0.31
"420034734021",519,519,0,0.00,0,0,0,0.00,0,0,0,0.00,0,0,0,0.00,0,0,0,0.00
"420034734022",305,305,0,0.00,0,0,0,0.00,0,0,0,0.00,0,0,0,0.00,0,0,0,0.00
"420034734023",732,732,0,0.00,0,0,0,0.00,9,9,0,0.00,0,0,0,0.00,0,0,0,0.00
"420034735001",264,264,0,0.00,0,0,0,0.00,0,0,0,0.00,0,0,0,0.00,6,6,0,0.00
"420034735002",286,279,7,6.38,10,15,5,0.16,9,11,2,0.06,0,0,0,0.00,9,9,0,0.00
"420034735003",705,701,4,3.92,0,0,0,0.00,14,18,4,0.08,0,0,0,0.00,0,0,0,0.00
"420034736011",331,334,3,2.93,0,0,0,0.00,8,5,3,0.07,0,0,0,0.00,0,0,0,0.00
"420034736012",616,622,6,5.69,0,0,0,0.00,15,12,3,0.07,5,8,3,0.02,13,7,6,0.12
"420034736013",618,613,5,4.55,0,0,0,0.00,61,66,5,0.45,0,0,0,0.00,0,0,0,0.00
"420034736021",246,246,0,0.00,0,0,0,0.00,0,0,0,0.00,0,0,0,0.00,36,36,0,0.00
"420034736022",782,774,8,7.43,6,10,4,0.03,32,30,2,0.08,0,0,0,0.00,22,28,6,0.16
"420034736023",262,268,6,5.55,0,0,0,0.00,21,15,6,0.45,0,0,0,0.00,0,0,0,0.00
"420034736024",659,658,1,1.00,0,0,0,0.00,3,4,1,0.00,0,0,0,0.00,0,0,0,0.00
"420034741011",749,752,3,2.89,0,0,0,0.00,19,21,2,0.05,0,0,0,0.00,10,5,5,0.06
"420034741012",474,478,4,3.78,0,0,0,0.00,28,24,4,0.22,0,0,0,0.00,0,0,0,0.00
"420034741021",771,774,3,2.84,0,0,0,0.00,44,41,3,0.16,0,0,0,0.00,0,0,0,0.00
"420034741022",556,551,5,4.92,0,0,0,0.00,0,0,0,0.00,9,14,5,0.08,0,0,0,0.00
"420034742011",845,846,1,0.94,0,0,0,0.00,56,55,1,0.06,1,1,0,0.00,0,0,0,0.00
"420034742021",883,881,2,1.94,0,0,0,0.00,26,28,2,0.06,0,0,0,0.00,0,0,0,0.00
"420034742022",883,879,4,3.90,0,0,0,0.00,23,27,4,0.10,0,0,0,0.00,0,0,0,0.00
"420034742031",505,507,2,1.97,0,0,0,0.00,7,5,2,0.03,0,0,0,0.00,0,0,0,0.00
"420034742032",241,240,1,0.92,12,13,1,0.05,8,8,0,0.00,0,0,0,0.00,0,0,0,0.00
"420034742033",750,757,7,6.36,0,0,0,0.00,76,69,7,0.64,0,0,0,0.00,0,0,0,0.00
"420034751011",346,344,2,1.94,0,0,0,0.00,10,12,2,0.06,0,0,0,0.00,0,0,0,0.00
"420034751012",361,361,0,0.00,0,0,0,0.00,0,0,0,0.00,0,0,0,0.00,0,0,0,0.00
"420034751013",590,590,0,0.00,0,0,0,0.00,0,0,0,0.00,0,0,0,0.00,0,0,0,0.00
"420034751014",1011,1011,0,0.00,0,0,0,0.00,0,0,0,0.00,0,0,0,0.00,0,0,0,0.00
"420034751021",676,676,0,0.00,0,0,0,0.00,0,0,0,0.00,0,0,0,0.00,0,0,0,0.00
"420034752001",334,329,5,4.68,0,0,0,0.00,9,10,1,0.03,0,0,0,0.00,14,18,4,0.16
"420034752002",407,407,0,0.00,0,0,0,0.00,0,0,0,0.00,0,0,0,0.00,0,0,0,0.00
"420034752003",449,446,3,2.69,0,0,0,0.00,11,9,2,0.04,0,0,0,0.00,41,46,5,0.41
"420034752004",679,679,0,0.00,0,0,0,0.00,0,0,0,0.00,0,0,0,0.00,0,0,0,0.00
"420034753011",436,434,2,1.90,0,0,0,0.00,22,24,2,0.10,0,0,0,0.00,0,0,0,0.00
"420034753012",319,323,4,3.83,0,0,0,0.00,14,10,4,0.17,0,0,0,0.00,0,0,0,0.00
"420034753013",788,793,5,4.79,31,29,2,0.08,4,1,3,0.01,0,0,0,0.00,0,0,0,0.00
"420034753014",384,394,10,8.35,76,66,10,1.65,0,0,0,0.00,0,0,0,0.00,0,0,0,0.00
"420034753031",639,641,2,1.96,0,0,0,0.00,12,10,2,0.04,0,0,0,0.00,0,0,0,0.00
"420034753032",452,451,1,0.98,0,0,0,0.00,0,0,0,0.00,0,0,0,0.00,9,10,1,0.02
"420034753033",452,445,7,6.66,0,0,0,0.00,23,30,7,0.34,0,0,0,0.00,0,0,0,0.00
"420034753041",496,496,0,0.00,0,0,0,0.00,0,0,0,0.00,0,0,0,0.00,0,0,0,0.00
"420034753042",587,580,7,6.49,0,0,0,0.00,46,53,7,0.51,0,0,0,0.00,0,0,0,0.00
"420034753043",490,490,0,0.00,0,0,0,0.00,0,0,0,0.00,0,0,0,0.00,0,0,0,0.00
"420034753044",661,661,0,0.00,19,21,2,0.05,0,0,0,0.00,0,0,0,0.00,12,10,2,0.03
"420034754011",556,556,0,0.00,0,0,0,0.00,0,0,0,0.00,12,12,0,0.00,0,0,0,0.00
"420034754012",649,649,0,0.00,0,0,0,0.00,0,0,0,0.00,0,0,0,0.00,0,0,0,0.00
"420034754013",297,305,8,6.91,0,0,0,0.00,38,29,9,0.99,9,10,1,0.03,0,0,0,0.00
"420034754021",547,547,0,0.00,0,0,0,0.00,0,0,0,0.00,0,0,0,0.00,0,0,0,0.00
"420034754022",641,641,0,0.00,0,0,0,0.00,0,0,0,0.00,0,0,0,0.00,0,0,0,0.00
"420034761001",264,264,0,0.00,0,0,0,0.00,0,0,0,0.00,0,0,0,0.00,0,0,0,0.00
"420034761002",369,369,0,0.00,0,0,0,0.00,0,0,0,0.00,0,0,0,0.00,0,0,0,0.00
"420034761003",407,407,0,0.00,0,0,0,0.00,0,0,0,0.00,0,0,0,0.00,0,0,0,0.00
"420034761004",722,743,21,19.31,22,14,8,0.22,21,12,9,0.24,4,2,2,0.01,16,14,2,0.04
"420034761005",604,603,1,0.93,17,17,0,0.00,29,30,1,0.04,0,0,0,0.00,0,0,0,0.00
"420034762001",289,291,2,1.95,0,0,0,0.00,8,6,2,0.05,0,0,0,0.00,0,0,0,0.00
"420034762002",617,617,0,0.00,0,0,0,0.00,0,0,0,0.00,0,0,0,0.00,0,0,0,0.00
"420034762003",511,512,1,1.00,0,0,0,0.00,0,0,0,0.00,0,0,0,0.00,2,1,1,0.00
"420034771001",617,617,0,0.00,0,0,0,0.00,0,0,0,0.00,0,0,0,0.00,0,0,0,0.00
"420034771002",443,443,0,0.00,0,0,0,0.00,0,0,0,0.00,0,0,0,0.00,0,0,0,0.00
"420034771003",597,597,0,0.00,0,0,0,0.00,0,0,0,0.00,0,0,0,0.00,6,6,0,0.00
"420034772001",363,358,5,4.84,12,17,5,0.16,0,0,0,0.00,0,0,0,0.00,0,0,0,0.00
"420034772002",292,292,0,0.00,0,0,0,0.00,0,0,0,0.00,0,0,0,0.00,0,0,0,0.00
"420034772003",320,316,4,3.69,0,0,0,0.00,27,31,4,0.31,0,0,0,0.00,0,0,0,0.00
"420034772004",859,857,2,1.97,0,0,0,0.00,15,17,2,0.03,0,0,0,0.00,0,0,0,0.00
"420034773001",409,422,13,10.41,52,50,2,0.20,50,39,11,1.08,0,0,0,0.00,0,0,0,0.00
"420034773002",389,386,3,2.17,104,115,11,2.13,37,31,6,0.41,7,5,2,0.03,0,0,0,0.00
"420034773003",447,447,0,0.00,0,0,0,0.00,0,0,0,0.00,0,0,0,0.00,0,0,0,0.00
"420034773004",416,416,0,0.00,0,0,0,0.00,0,0,0,0.00,0,0,0,0.00,0,0,0,0.00
"420034773005",694,694,0,0.00,0,0,0,0.00,0,0,0,0.00,0,0,0,0.00,0,0,0,0.00
"420034781001",480,480,0,0.00,68,68,0,0.00,0,0,0,0.00,0,0,0,0.00,0,0,0,0.00
"420034781002",328,328,0,0.00,0,0,0,0.00,0,0,0,0.00,0,0,0,0.00,0,0,0,0.00
"420034781003",552,552,0,0.00,9,9,0,0.00,0,0,0,0.00,0,0,0,0.00,0,0,0,0.00
"420034781004",531,533,2,1.96,10,8,2,0.04,0,0,0,0.00,0,0,0,0.00,0,0,0,0.00
"420034782001",562,557,5,4.86,9,13,4,0.06,7,8,1,0.01,0,0,0,0.00,0,0,0,0.00
"420034782002",901,901,0,0.00,0,0,0,0.00,0,0,0,0.00,0,0,0,0.00,0,0,0,0.00
"420034782003",922,922,0,0.00,0,0,0,0.00,0,0,0,0.00,0,0,0,0.00,0,0,0,0.00
"420034790001",366,366,0,0.00,0,0,0,0.00,0,0,0,0.00,0,0,0,0.00,0,0,0,0.00
"420034790002",483,483,0,0.00,0,0,0,0.00,0,0,0,0.00,0,0,0,0.00,0,0,0,0.00
"420034801011",291,291,0,0.00,0,0,0,0.00,0,0,0,0.00,0,0,0,0.00,0,0,0,0.00
"420034801012",417,417,0,0.00,0,0,0,0.00,0,0,0,0.00,0,0,0,0.00,0,0,0,0.00
"420034801013",287,294,7,4.49,116,120,4,1.04,44,33,11,1.08,0,0,0,0.00,0,0,0,0.00
"420034801014",706,733,27,17.93,141,145,4,0.53,98,87,11,1.01,0,0,0,0.00,118,98,20,2.22
"420034801021",428,430,2,1.87,29,27,2,0.13,0,0,0,0.00,0,0,0,0.00,0,0,0,0.00
"420034801022",484,484,0,0.00,0,0,0,0.00,0,0,0,0.00,0,0,0,0.00,0,0,0,0.00
"420034801023",352,360,8,7.11,37,30,7,0.65,0,0,0,0.00,7,6,1,0.02,0,0,0,0.00
"420034802001",790,785,5,4.82,19,22,3,0.07,0,0,0,0.00,0,0,0,0.00,10,12,2,0.02
"420034802002",278,279,1,0.96,12,11,1,0.04,0,0,0,0.00,0,0,0,0.00,0,0,0,0.00
"420034802003",339,338,1,0.98,0,0,0,0.00,0,0,0,0.00,0,0,0,0.00,7,8,1,0.02
"420034803001",299,299,0,0.00,0,0,0,0.00,0,0,0,0.00,0,0,0,0.00,0,0,0,0.00
"420034803002",530,528,2,1.84,15,14,1,0.03,19,21,2,0.07,12,13,1,0.02,0,0,0,0.00
"420034803003",238,239,1,0.98,0,0,0,0.00,0,0,0,0.00,0,0,0,0.00,6,5,1,0.02
"420034803004",318,315,3,2.92,0,0,0,0.00,0,0,0,0.00,9,12,3,0.08,0,0,0,0.00
"420034804001",547,551,4,3.70,44,40,4,0.30,0,0,0,0.00,0,0,0,0.00,0,0,0,0.00
"420034804002",448,448,0,0.00,0,0,0,0.00,0,0,0,0.00,0,0,0,0.00,0,0,0,0.00
"420034804003",682,682,0,0.00,0,0,0,0.00,0,0,0,0.00,0,0,0,0.00,0,0,0,0.00
"420034804004",492,492,0,0.00,0,0,0,0.00,0,0,0,0.00,0,0,0,0.00,0,0,0,0.00
"420034810001",184,190,6,2.90,158,152,6,2.49,9,10,1,0.02,4,3,1,0.01,26,26,0,0.00
"420034810002",274,278,4,3.14,41,34,7,0.82,34,37,3,0.29,0,0,0,0.00,0,0,0,0.00
"420034810003",265,257,8,4.67,152,145,7,2.34,30,42,12,0.79,0,0,0,0.00,7,10,3,0.05
"420034810004",201,202,1,0.72,74,76,2,0.53,0,0,0,0.00,5,2,3,0.05,0,0,0,0.00
"420034825001",775,763,12,10.75,82,87,5,0.47,0,0,0,0.00,0,0,0,0.00,8,15,7,0.06
"420034838001",45,49,4,0.58,268,264,4,3.42,0,0,0,0.00,0,0,0,0.00,0,0,0,0.00
"420034838002",272,264,8,2.96,440,452,12,7.17,0,0,0,0.00,0,0,0,0.00,24,20,4,0.13
"420034838003",180,188,8,3.30,249,243,6,3.43,0,0,0,0.00,0,0,0,0.00,7,5,2,0.03
"420034843001",617,618,1,0.80,71,75,4,0.37,69,61,8,0.72,0,0,0,0.00,15,18,3,0.06
"420034843002",262,262,0,0.00,0,0,0,0.00,0,0,0,0.00,0,0,0,0.00,0,0,0,0.00
"420034843003",300,299,1,0.58,170,163,7,2.32,38,46,8,0.59,0,0,0,0.00,6,6,0,0.00
"420034845001",756,756,0,0.00,0,0,0,0.00,0,0,0,0.00,0,0,0,0.00,0,0,0,0.00
"420034845002",508,508,0,0.00,0,0,0,0.00,0,0,0,0.00,0,0,0,0.00,0,0,0,0.00
"420034845003",483,479,4,3.80,25,29,4,0.20,0,0,0,0.00,0,0,0,0.00,0,0,0,0.00
"420034845004",887,887,0,0.00,0,0,0,0.00,0,0,0,0.00,0,0,0,0.00,0,0,0,0.00
"420034846001",228,233,5,4.65,6,4,2,0.05,11,8,3,0.13,0,0,0,0.00,0,0,0,0.00
"420034846002",348,353,5,4.59,9,12,3,0.07,0,0,0,0.00,6,4,2,0.03,16,10,6,0.25
"420034846003",381,378,3,2.78,0,0,0,0.00,0,0,0,0.00,5,3,2,0.02,25,30,5,0.30
"420034850001",489,488,1,0.90,52,54,2,0.19,0,0,0,0.00,1,0,1,0.00,0,0,0,0.00
"420034867001",365,360,5,2.36,381,373,8,3.94,0,0,0,0.00,0,0,0,0.00,27,40,13,0.45
"420034867002",206,188,18,9.61,162,177,15,6.30,0,0,0,0.00,0,0,0,0.00,18,21,3,0.14
"420034868001",99,101,2,0.56,226,222,4,2.55,0,0,0,0.00,0,0,0,0.00,29,31,2,0.16
"420034868002",282,285,3,2.13,115,109,6,1.73,0,0,0,0.00,1,4,3,0.01,0,0,0,0.00
"420034869001",190,186,4,2.39,128,132,4,1.61,0,0,0,0.00,0,0,0,0.00,0,0,0,0.00
"420034869002",83,69,14,6.12,100,117,17,8.95,0,0,0,0.00,7,4,3,0.11,0,0,0,0.00
"420034869003",10,7,3,0.41,64,67,3,2.59,0,0,0,0.00,0,0,0,0.00,0,0,0,0.00
"420034870001",351,352,1,0.99,0,0,0,0.00,0,0,0,0.00,3,2,1,0.01,0,0,0,0.00
"420034870002",538,538,0,0.00,0,0,0,0.00,0,0,0,0.00,0,0,0,0.00,0,0,0,0.00
"420034881001",292,296,4,2.58,149,143,6,1.98,0,0,0,0.00,0,0,0,0.00,11,13,2,0.05
"420034881002",501,505,4,3.91,11,7,4,0.09,0,0,0,0.00,0,0,0,0.00,0,0,0,0.00
"420034882001",382,394,12,5.93,376,358,18,8.76,6,8,2,0.02,9,13,4,0.05,0,0,0,0.00
"420034882002",277,274,3,2.88,12,15,3,0.12,0,0,0,0.00,0,0,0,0.00,0,0,0,0.00
"420034882003",390,389,1,0.99,0,0,0,0.00,0,0,0,0.00,5,6,1,0.01,0,0,0,0.00
"420034883001",904,910,6,5.82,9,7,2,0.02,5,5,0,0.00,0,0,0,0.00,14,10,4,0.06
"420034884001",475,480,5,4.41,24,23,1,0.04,0,0,0,0.00,17,12,5,0.16,22,23,1,0.04
"420034884002",403,409,6,5.33,51,45,6,0.67,0,0,0,0.00,0,0,0,0.00,0,0,0,0.00
"420034884003",250,257,7,6.21,32,25,7,0.79,0,0,0,0.00,0,0,0,0.00,0,0,0,0.00
"420034884004",753,755,2,1.92,31,29,2,0.08,0,0,0,0.00,0,0,0,0.00,0,0,0,0.00
"420034885001",369,369,0,0.00,0,0,0,0.00,0,0,0,0.00,0,0,0,0.00,0,0,0,0.00
"420034885002",561,552,9,8.28,49,58,9,0.72,0,0,0,0.00,0,0,0,0.00,0,0,0,0.00
"420034885003",292,292,0,0.00,0,0,0,0.00,0,0,0,0.00,0,0,0,0.00,0,0,0,0.00
"420034886001",317,317,0,0.00,0,0,0,0.00,0,0,0,0.00,0,0,0,0.00,0,0,0,0.00
"420034886002",232,252,20,11.10,172,155,17,7.00,0,0,0,0.00,0,0,0,0.00,14,11,3,0.10
"420034886003",516,516,0,0.00,0,0,0,0.00,0,0,0,0.00,0,0,0,0.00,0,0,0,0.00
"420034886004",872,872,0,0.00,0,0,0,0.00,0,0,0,0.00,0,0,0,0.00,0,0,0,0.00
"420034890011",261,261,0,0.00,0,0,0,0.00,0,0,0,0.00,0,0,0,0.00,0,0,0,0.00
"420034890012",646,646,0,0.00,58,56,2,0.16,15,17,2,0.04,0,0,0,0.00,0,0,0,0.00
"420034890013",1043,1040,3,2.97,0,0,0,0.00,12,15,3,0.03,0,0,0,0.00,0,0,0,0.00
"420034890021",273,271,2,1.89,0,0,0,0.00,6,6,0,0.00,0,0,0,0.00,10,12,2,0.07
"420034890022",503,508,5,4.86,15,10,5,0.14,0,0,0,0.00,0,0,0,0.00,0,0,0,0.00
"420034890023",470,471,1,0.97,0,0,0,0.00,8,9,1,0.02,0,0,0,0.00,5,3,2,0.02
"420034890024",227,225,2,1.93,8,10,2,0.07,0,0,0,0.00,0,0,0,0.00,0,0,0,0.00
"420034900021",409,409,0,0.00,0,0,0,0.00,0,0,0,0.00,0,0,0,0.00,0,0,0,0.00
"420034900022",300,290,10,8.50,53,63,10,1.50,0,0,0,0.00,0,0,0,0.00,0,0,0,0.00
"420034900023",781,784,3,2.93,0,0,0,0.00,19,16,3,0.07,0,0,0,0.00,0,0,0,0.00
"420034900024",139,147,8,4.67,99,91,8,3.33,0,0,0,0.00,0,0,0,0.00,0,0,0,0.00
"420034900025",291,292,1,0.94,20,19,1,0.06,0,0,0,0.00,0,0,0,0.00,0,0,0,0.00
"420034900031",353,357,4,3.69,0,0,0,0.00,24,21,3,0.19,0,0,0,0.00,6,5,1,0.02
"420034900032",440,440,0,0.00,0,0,0,0.00,0,0,0,0.00,0,0,0,0.00,0,0,0,0.00
"420034900033",608,617,9,8.74,7,2,5,0.06,11,7,4,0.07,0,0,0,0.00,0,0,0,0.00
"420034900041",797,786,11,10.49,28,40,12,0.40,11,10,1,0.01,0,0,0,0.00,0,0,0,0.00
"420034900042",727,727,0,0.00,0,0,0,0.00,0,0,0,0.00,0,0,0,0.00,0,0,0,0.00
"420034900043",285,285,0,0.00,0,0,0,0.00,0,0,0,0.00,0,0,0,0.00,0,0,0,0.00
"420034911011",1077,1083,6,5.66,33,28,5,0.14,17,17,0,0.00,14,13,1,0.01,0,0,0,0.00
"420034911012",1105,1111,6,5.77,24,21,3,0.06,0,0,0,0.00,0,0,0,0.00,20,17,3,0.05
"420034912001",912,911,1,0.97,14,17,3,0.04,15,13,2,0.03,0,0,0,0.00,0,0,0,0.00
"420034927001",213,211,2,1.69,39,41,2,0.31,0,0,0,0.00,0,0,0,0.00,0,0,0,0.00
"420034927002",197,197,0,0.00,55,55,0,0.00,0,0,0,0.00,0,0,0,0.00,0,0,0,0.00
"420034927003",362,367,5,4.58,33,28,5,0.42,0,0,0,0.00,0,0,0,0.00,0,0,0,0.00
"420034928001",253,255,2,0.98,235,231,4,1.83,0,0,0,0.00,0,0,0,0.00,26,28,2,0.10
"420034928002",271,273,2,0.76,435,429,6,3.65,0,0,0,0.00,0,0,0,0.00,10,14,4,0.06
"420034929001",582,571,11,10.50,28,39,11,0.50,0,0,0,0.00,0,0,0,0.00,0,0,0,0.00
"420034929002",277,284,7,5.00,71,65,6,1.10,11,8,3,0.09,4,7,3,0.03,25,24,1,0.06
"420034940001",596,593,3,2.86,4,7,3,0.02,2,2,0,0.00,0,0,0,0.00,24,24,0,0.00
"420034950001",749,751,2,1.90,39,37,2,0.10,0,0,0,0.00,0,0,0,0.00,0,0,0,0.00
"420034950002",615,615,0,0.00,0,0,0,0.00,0,0,0,0.00,0,0,0,0.00,0,0,0,0.00
"420034961011",605,605,0,0.00,0,0,0,0.00,0,0,0,0.00,0,0,0,0.00,0,0,0,0.00
"420034961012",583,583,0,0.00,0,0,0,0.00,0,0,0,0.00,0,0,0,0.00,0,0,0,0.00
"420034961021",672,669,3,2.92,10,9,1,0.01,0,0,0,0.00,0,0,0,0.00,8,12,4,0.05
"420034961022",674,674,0,0.00,0,0,0,0.00,0,0,0,0.00,0,0,0,0.00,0,0,0,0.00
"420034961023",479,478,1,0.94,7,9,2,0.03,0,0,0,0.00,20,16,4,0.16,5,8,3,0.03
"420034962001",521,521,0,0.00,0,0,0,0.00,0,0,0,0.00,0,0,0,0.00,0,0,0,0.00
"420034962002",373,383,10,8.86,48,38,10,1.14,0,0,0,0.00,0,0,0,0.00,0,0,0,0.00
"420034962003",730,730,0,0.00,0,0,0,0.00,0,0,0,0.00,0,0,0,0.00,0,0,0,0.00
"420034962004",254,254,0,0.00,0,0,0,0.00,0,0,0,0.00,0,0,0,0.00,0,0,0,0.00
"420034962005",589,589,0,0.00,0,0,0,0.00,0,0,0,0.00,0,0,0,0.00,0,0,0,0.00
"420034970001",425,428,3,2.92,12,9,3,0.08,0,0,0,0.00,0,0,0,0.00,0,0,0,0.00
"420034980001",509,512,3,2.95,8,5,3,0.05,0,0,0,0.00,0,0,0,0.00,0,0,0,0.00
"420034980002",570,567,3,2.96,5,6,1,0.01,0,0,0,0.00,0,0,0,0.00,2,4,2,0.01
"420034993001",252,252,0,0.00,0,0,0,0.00,0,0,0,0.00,0,0,0,0.00,0,0,0,0.00
"420034993002",445,445,0,0.00,0,0,0,0.00,0,0,0,0.00,0,0,0,0.00,0,0,0,0.00
"420034994001",340,342,2,1.97,6,4,2,0.03,0,0,0,0.00,0,0,0,0.00,0,0,0,0.00
"420034994002",375,372,3,2.95,6,9,3,0.05,0,0,0,0.00,0,0,0,0.00,0,0,0,0.00
"420034994003",462,456,6,5.13,0,0,0,0.00,9,14,5,0.08,0,0,0,0.00,69,70,1,0.13
"420035003001",587,587,0,0.00,0,0,0,0.00,0,0,0,0.00,0,0,0,0.00,0,0,0,0.00
"420035003002",342,342,0,0.00,0,0,0,0.00,0,0,0,0.00,0,0,0,0.00,0,0,0,0.00
"420035003003",274,274,0,0.00,0,0,0,0.00,0,0,0,0.00,0,0,0,0.00,0,0,0,0.00
"420035003004",491,491,0,0.00,0,0,0,0.00,0,0,0,0.00,0,0,0,0.00,0,0,0,0.00
"420035010001",728,743,15,14.20,28,20,8,0.29,4,2,2,0.01,0,0,0,0.00,9,4,5,0.06
"420035030021",450,453,3,2.85,24,21,3,0.15,0,0,0,0.00,0,0,0,0.00,0,0,0,0.00
"420035030022",434,434,0,0.00,0,0,0,0.00,0,0,0,0.00,0,0,0,0.00,0,0,0,0.00
"420035030023",600,594,6,5.78,0,0,0,0.00,0,0,0,0.00,0,0,0,0.00,23,29,6,0.22
"420035030024",392,392,0,0.00,0,0,0,0.00,0,0,0,0.00,0,0,0,0.00,0,0,0,0.00
"420035030025",747,753,6,5.57,58,52,6,0.43,0,0,0,0.00,0,0,0,0.00,0,0,0,0.00
"420035041001",382,377,5,3.63,144,149,5,1.37,0,0,0,0.00,0,0,0,0.00,0,0,0,0.00
"420035041002",231,229,2,1.47,68,69,1,0.22,16,17,1,0.05,0,0,0,0.00,0,0,0,0.00
"420035041003",345,344,1,0.95,20,21,1,0.05,0,0,0,0.00,0,0,0,0.00,0,0,0,0.00
"420035041004",368,360,8,4.61,242,248,6,2.27,0,0,0,0.00,0,0,0,0.00,29,31,2,0.09
"420035041005",514,510,4,3.48,76,80,4,0.52,0,0,0,0.00,0,0,0,0.00,0,0,0,0.00
"420035070001",376,376,0,0.00,11,11,0,0.00,0,0,0,0.00,0,0,0,0.00,0,0,0,0.00
"420035070002",576,577,1,0.93,23,24,1,0.04,0,0,0,0.00,19,17,2,0.06,0,0,0,0.00
"420035080001",334,340,6,4.72,87,81,6,1.23,0,0,0,0.00,0,0,0,0.00,4,4,0,0.00
"420035080002",518,514,4,3.49,75,79,4,0.51,0,0,0,0.00,0,0,0,0.00,0,0,0,0.00
"420035094001",597,600,3,2.76,52,49,3,0.24,0,0,0,0.00,0,0,0,0.00,0,0,0,0.00
"420035094002",576,576,0,0.00,0,0,0,0.00,0,0,0,0.00,0,0,0,0.00,0,0,0,0.00
"420035094003",280,276,4,3.39,39,37,2,0.24,0,0,0,0.00,11,17,6,0.20,0,0,0,0.00
"420035094004",459,463,4,3.63,47,43,4,0.37,0,0,0,0.00,0,0,0,0.00,0,0,0,0.00
"420035094005",352,344,8,6.92,32,35,3,0.24,12,11,1,0.03,0,0,0,0.00,11,17,6,0.16
"420035100001",176,164,12,5.65,172,184,12,5.52,14,19,5,0.19,0,0,0,0.00,12,7,5,0.16
"420035100002",275,282,7,4.30,173,166,7,2.70,0,0,0,0.00,0,0,0,0.00,0,0,0,0.00
"420035120001",259,273,14,10.19,97,83,14,3.81,0,0,0,0.00,0,0,0,0.00,0,0,0,0.00
"420035120002",638,630,8,7.19,60,63,3,0.25,0,0,0,0.00,0,0,0,0.00,12,17,5,0.08
"420035128001",204,200,4,1.29,382,384,2,1.20,0,0,0,0.00,5,7,2,0.02,44,44,0,0.00
"420035129001",146,150,4,2.43,94,90,4,1.57,0,0,0,0.00,0,0,0,0.00,0,0,0,0.00
"420035129002",57,61,4,0.92,192,188,4,3.08,0,0,0,0.00,0,0,0,0.00,0,0,0,0.00
"420035138001",111,104,7,2.27,231,238,7,4.73,0,0,0,0.00,0,0,0,0.00,0,0,0,0.00
"420035138002",64,63,1,0.20,247,244,3,2.29,0,0,0,0.00,0,0,0,0.00,12,16,4,0.15
"420035138003",27,25,2,0.34,131,133,2,1.66,0,0,0,0.00,0,0,0,0.00,0,0,0,0.00
"420035140001",99,92,7,2.13,209,219,10,6.43,0,0,0,0.00,0,0,0,0.00,17,14,3,0.16
"420035140002",94,100,6,0.96,491,485,6,5.04,0,0,0,0.00,0,0,0,0.00,0,0,0,0.00
"420035151001",238,256,18,11.27,142,124,18,6.73,0,0,0,0.00,0,0,0,0.00,0,0,0,0.00
"420035151002",234,240,6,2.53,307,300,7,3.87,0,0,0,0.00,0,0,0,0.00,14,15,1,0.03
"420035151003",184,188,4,2.26,142,138,4,1.74,0,0,0,0.00,0,0,0,0.00,0,0,0,0.00
"420035152001",411,419,8,5.63,164,159,5,1.40,0,0,0,0.00,0,0,0,0.00,9,6,3,0.05
"420035152002",369,397,28,18.75,182,154,28,9.25,0,0,0,0.00,0,0,0,0.00,0,0,0,0.00
"420035153001",130,133,3,1.11,209,205,4,2.38,0,0,0,0.00,12,13,1,0.03,0,0,0,0.00
"420035153002",396,394,2,1.33,199,201,2,0.67,0,0,0,0.00,0,0,0,0.00,0,0,0,0.00
"420035154011",419,399,20,18.50,34,54,20,1.50,0,0,0,0.00,0,0,0,0.00,0,0,0,0.00
"420035154012",239,249,10,7.99,60,50,10,2.01,0,0,0,0.00,0,0,0,0.00,0,0,0,0.00
"420035154013",345,345,0,0.00,0,0,0,0.00,0,0,0,0.00,0,0,0,0.00,0,0,0,0.00
"420035161001",704,705,1,0.98,5,4,1,0.01,13,13,0,0.00,0,0,0,0.00,0,0,0,0.00
"420035162001",296,306,10,8.00,48,41,7,0.91,0,0,0,0.00,12,10,2,0.06,14,13,1,0.04
"420035162002",329,342,13,8.78,131,109,22,5.92,27,36,9,0.50,0,0,0,0.00,0,0,0,0.00
"420035170001",261,262,1,0.86,41,40,1,0.14,0,0,0,0.00,0,0,0,0.00,0,0,0,0.00
"420035170002",480,470,10,6.72,209,224,15,4.39,0,0,0,0.00,0,0,0,0.00,25,20,5,0.18
"420035180011",468,469,1,0.91,34,31,3,0.20,13,15,2,0.05,0,0,0,0.00,0,0,0,0.00
"420035180012",566,574,8,7.51,37,29,8,0.49,0,0,0,0.00,0,0,0,0.00,0,0,0,0.00
"420035180013",389,387,2,1.69,71,73,2,0.31,0,0,0,0.00,0,0,0,0.00,0,0,0,0.00
"420035190001",377,375,2,1.70,39,45,6,0.53,0,0,0,0.00,0,0,0,0.00,28,24,4,0.25
"420035190002",539,540,1,0.83,98,94,4,0.60,9,12,3,0.04,0,0,0,0.00,4,4,0,0.00
"420035190003",246,243,3,2.74,23,26,3,0.26,0,0,0,0.00,0,0,0,0.00,0,0,0,0.00
"420035200011",598,599,1,0.77,143,135,8,1.48,22,26,4,0.11,11,14,3,0.04,0,0,0,0.00
"420035200012",724,727,3,2.70,76,74,2,0.19,0,0,0,0.00,4,3,1,0.00,0,0,0,0.00
"420035200021",412,423,11,9.12,85,74,11,1.88,0,0,0,0.00,0,0,0,0.00,0,0,0,0.00
"420035200022",552,538,14,12.48,67,81,14,1.52,0,0,0,0.00,0,0,0,0.00,0,0,0,0.00
"420035200023",412,418,6,5.44,42,36,6,0.56,0,0,0,0.00,0,0,0,0.00,0,0,0,0.00
"420035211001",390,389,1,0.98,10,11,1,0.03,0,0,0,0.00,0,0,0,0.00,0,0,0,0.00
"420035211002",434,439,5,4.09,92,90,2,0.35,0,0,0,0.00,0,0,0,0.00,4,1,3,0.02
"420035211003",642,625,17,12.71,210,229,19,4.64,0,0,0,0.00,0,0,0,0.00,7,5,2,0.02
"420035212001",709,698,11,7.69,182,194,12,2.15,66,75,9,0.59,13,9,4,0.05,44,38,6,0.26
"420035212002",370,373,3,2.82,10,9,1,0.03,13,11,2,0.07,0,0,0,0.00,0,0,0,0.00
"420035212003",615,618,3,2.86,20,16,4,0.12,11,12,1,0.02,0,0,0,0.00,0,0,0,0.00
"420035213011",377,373,4,3.00,86,82,4,0.69,39,47,8,0.62,0,0,0,0.00,0,0,0,0.00
"420035213012",494,484,10,7.59,111,120,9,1.53,10,12,2,0.03,0,0,0,0.00,36,35,1,0.06
"420035213013",248,246,2,1.49,51,54,3,0.46,33,32,1,0.10,0,0,0,0.00,0,0,0,0.00
"420035213014",482,497,15,12.73,25,27,2,0.09,40,29,11,0.77,0,0,0,0.00,21,15,6,0.22
"420035213021",418,428,10,6.10,125,109,16,2.92,102,110,8,1.19,0,0,0,0.00,40,38,2,0.12
"420035213022",416,430,14,10.29,82,70,12,1.74,14,9,5,0.12,26,23,3,0.14,28,34,6,0.30
"420035213023",524,525,1,0.95,21,21,0,0.00,7,6,1,0.01,0,0,0,0.00,0,0,0,0.00
"420035213024",234,226,8,6.41,58,66,8,1.59,0,0,0,0.00,0,0,0,0.00,0,0,0,0.00
"420035214011",775,803,28,24.83,68,57,11,0.86,31,14,17,0.60,0,0,0,0.00,0,0,0,0.00
"420035214012",333,333,0,0.00,17,17,0,0.00,0,0,0,0.00,0,0,0,0.00,0,0,0,0.00
"420035214021",463,478,15,13.49,0,0,0,0.00,52,37,15,1.51,0,0,0,0.00,0,0,0,0.00
"420035214022",448,449,1,0.94,31,30,1,0.06,0,0,0,0.00,0,0,0,0.00,0,0,0,0.00
"420035214023",392,390,2,1.53,70,66,4,0.55,35,39,4,0.27,0,0,0,0.00,16,18,2,0.06
"420035215001",611,617,6,5.57,8,8,0,0.00,21,13,8,0.26,9,9,0,0.00,9,11,2,0.03
"420035215002",838,837,1,0.94,20,22,2,0.04,26,26,0,0.00,7,6,1,0.01,0,0,0,0.00
"420035215003",326,323,3,2.84,0,0,0,0.00,0,0,0,0.00,18,21,3,0.16,0,0,0,0.00
"420035220001",326,326,0,0.00,0,0,0,0.00,0,0,0,0.00,0,0,0,0.00,0,0,0,0.00
"420035220002",657,656,1,0.80,156,156,0,0.00,0,0,0,0.00,0,0,0,0.00,11,12,1,0.01
"420035220003",405,405,0,0.00,0,0,0,0.00,0,0,0,0.00,0,0,0,0.00,0,0,0,0.00
"420035231001",138,137,1,0.25,402,401,1,0.73,0,0,0,0.00,0,0,0,0.00,13,15,2,0.05
"420035231002",101,85,16,2.77,483,499,16,13.23,0,0,0,0.00,0,0,0,0.00,0,0,0,0.00
"420035231003",32,28,4,0.44,260,264,4,3.56,0,0,0,0.00,0,0,0,0.00,0,0,0,0.00
"420035231004",0,0,0,0.00,276,285,9,8.45,0,0,0,0.00,18,9,9,0.55,0,0,0,0.00
"420035232001",216,207,9,3.81,283,294,11,6.10,11,9,2,0.04,0,0,0,0.00,0,0,0,0.00
"420035232002",127,128,1,0.29,307,306,1,0.71,0,0,0,0.00,0,0,0,0.00,0,0,0,0.00
"420035232003",261,256,5,3.11,159,164,5,1.89,0,0,0,0.00,0,0,0,0.00,0,0,0,0.00
"420035232004",35,29,6,0.68,275,281,6,5.32,0,0,0,0.00,0,0,0,0.00,0,0,0,0.00
"420035233001",259,251,8,6.22,63,69,6,1.14,0,0,0,0.00,0,0,0,0.00,11,13,2,0.07
"420035233002",562,569,7,6.24,34,27,7,0.38,25,20,5,0.20,0,0,0,0.00,9,14,5,0.07
"420035233003",131,128,3,1.41,147,150,3,1.59,0,0,0,0.00,0,0,0,0.00,0,0,0,0.00
"420035233004",338,345,7,4.30,212,205,7,2.70,0,0,0,0.00,0,0,0,0.00,0,0,0,0.00
"420035234001",466,463,3,2.36,126,129,3,0.64,0,0,0,0.00,0,0,0,0.00,0,0,0,0.00
"420035234002",144,143,1,0.46,140,142,2,0.89,30,29,1,0.10,0,0,0,0.00,0,0,0,0.00
"420035234003",269,270,1,0.83,45,43,2,0.28,0,0,0,0.00,0,0,0,0.00,12,13,1,0.04
"420035234004",168,166,2,1.15,117,119,2,0.80,8,8,0,0.00,0,0,0,0.00,0,0,0,0.00
"420035234005",368,358,10,7.45,116,128,12,2.82,0,0,0,0.00,0,0,0,0.00,10,8,2,0.04
"420035234006",332,329,3,2.87,15,18,3,0.13,0,0,0,0.00,0,0,0,0.00,0,0,0,0.00
"420035235011",372,372,0,0.00,297,291,6,2.40,0,0,0,0.00,9,19,10,0.12,63,59,4,0.34
"420035235012",395,395,0,0.00,258,258,0,0.00,0,0,0,0.00,0,0,0,0.00,0,0,0,0.00
"420035235013",357,357,0,0.00,203,205,2,0.70,0,0,0,0.00,0,0,0,0.00,19,17,2,0.07
"420035235021",578,568,10,8.68,64,74,10,0.96,24,24,0,0.00,0,0,0,0.00,0,0,0,0.00
"420035236001",601,587,14,10.02,225,238,13,3.48,0,0,0,0.00,0,0,0,0.00,14,15,1,0.02
"420035236002",300,308,8,5.08,151,145,6,1.92,0,0,0,0.00,0,0,0,0.00,21,19,2,0.09
"420035236003",521,529,8,4.80,338,333,5,1.95,0,0,0,0.00,9,6,3,0.03,0,0,0,0.00
"420035237011",169,171,2,1.09,130,128,2,0.84,0,0,0,0.00,0,0,0,0.00,12,12,0,0.00
"420035237012",739,751,12,11.13,58,46,12,0.87,0,0,0,0.00,0,0,0,0.00,0,0,0,0.00
"420035237013",343,336,7,6.45,9,10,1,0.02,20,26,6,0.32,0,0,0,0.00,0,0,0,0.00
"420035237014",332,332,0,0.00,0,0,0,0.00,0,0,0,0.00,0,0,0,0.00,0,0,0,0.00
"420035237021",727,727,0,0.00,80,80,0,0.00,0,0,0,0.00,0,0,0,0.00,0,0,0,0.00
"420035237022",458,473,15,9.05,267,259,8,2.81,17,11,6,0.13,0,0,0,0.00,17,16,1,0.02
"420035237023",482,481,1,0.80,113,114,1,0.19,9,9,0,0.00,0,0,0,0.00,0,0,0,0.00
"420035237024",230,223,7,6.19,30,37,7,0.81,0,0,0,0.00,0,0,0,0.00,0,0,0,0.00
"420035238001",530,525,5,4.51,43,51,8,0.59,0,0,0,0.00,0,0,0,0.00,15,12,3,0.08
"420035238002",279,282,3,2.33,81,78,3,0.68,0,0,0,0.00,0,0,0,0.00,0,0,0,0.00
"420035238003",396,393,3,2.71,42,45,3,0.29,0,0,0,0.00,0,0,0,0.00,0,0,0,0.00
"420035238004",761,759,2,1.94,11,6,5,0.07,0,0,0,0.00,0,0,0,0.00,13,20,7,0.12
"420035240001",195,199,4,2.87,39,42,3,0.43,0,0,0,0.00,0,0,0,0.00,38,31,7,0.98
"420035240002",466,470,4,3.65,45,41,4,0.35,0,0,0,0.00,0,0,0,0.00,0,0,0,0.00
"420035240003",303,299,4,3.55,38,42,4,0.45,0,0,0,0.00,0,0,0,0.00,0,0,0,0.00
"420035251001",948,949,1,0.97,25,24,1,0.03,0,0,0,0.00,0,0,0,0.00,0,0,0,0.00
"420035252001",806,806,0,0.00,0,0,0,0.00,0,0,0,0.00,0,0,0,0.00,0,0,0,0.00
"420035252002",267,268,1,0.92,23,22,1,0.08,0,0,0,0.00,0,0,0,0.00,0,0,0,0.00
"420035253001",288,288,0,0.00,0,0,0,0.00,0,0,0,0.00,0,0,0,0.00,0,0,0,0.00
"420035253002",599,601,2,1.93,0,0,0,0.00,22,20,2,0.07,0,0,0,0.00,0,0,0,0.00
"420035261011",332,332,0,0.00,0,0,0,0.00,0,0,0,0.00,0,0,0,0.00,0,0,0,0.00
"420035261012",817,808,9,7.81,90,99,9,0.86,15,18,3,0.05,19,16,3,0.06,0,0,0,0.00
"420035261013",869,859,10,9.23,32,32,0,0.00,15,19,4,0.06,0,0,0,0.00,26,32,6,0.17
"420035261014",569,569,0,0.00,0,0,0,0.00,0,0,0,0.00,0,0,0,0.00,0,0,0,0.00
"420035261021",825,825,0,0.00,0,0,0,0.00,0,0,0,0.00,0,0,0,0.00,0,0,0,0.00
"420035262011",478,481,3,2.85,0,0,0,0.00,0,0,0,0.00,0,0,0,0.00,25,22,3,0.15
"420035262012",865,868,3,2.72,58,52,6,0.37,0,0,0,0.00,0,0,0,0.00,30,33,3,0.09
"420035262021",446,442,4,3.60,0,0,0,0.00,50,54,4,0.40,0,0,0,0.00,0,0,0,0.00
"420035262022",887,893,6,5.52,36,33,3,0.11,42,39,3,0.13,0,0,0,0.00,0,0,0,0.00
"420035262023",406,413,7,5.31,94,90,4,0.70,8,6,2,0.03,0,0,0,0.00,27,26,1,0.05
"420035263011",703,705,2,1.95,0,0,0,0.00,0,0,0,0.00,0,0,0,0.00,19,17,2,0.05
"420035263012",848,846,2,1.90,44,46,2,0.10,0,0,0,0.00,0,0,0,0.00,0,0,0,0.00
"420035263021",735,732,3,2.86,27,29,2,0.07,0,0,0,0.00,0,0,0,0.00,9,10,1,0.01
"420035263022",400,400,0,0.00,0,0,0,0.00,0,0,0,0.00,0,0,0,0.00,0,0,0,0.00
"420035263023",486,476,10,8.24,96,105,9,1.46,0,0,0,0.00,0,0,0,0.00,8,9,1,0.01
"420035263024",426,437,11,10.41,24,13,11,0.59,0,0,0,0.00,0,0,0,0.00,0,0,0,0.00
"420035509001",157,150,7,4.19,105,112,7,2.81,0,0,0,0.00,0,0,0,0.00,0,0,0,0.00
"420035509002",188,188,0,0.00,286,285,1,0.60,0,0,0,0.00,0,0,0,0.00,5,6,1,0.01
"420035512001",211,203,8,3.15,320,330,10,5.97,0,0,0,0.00,0,0,0,0.00,5,3,2,0.02
"420035512002",404,414,10,8.73,59,49,10,1.27,0,0,0,0.00,0,0,0,0.00,0,0,0,0.00
"420035512003",334,328,6,3.94,166,172,6,1.96,0,0,0,0.00,0,0,0,0.00,8,8,0,0.00
"420035513001",430,428,2,1.96,8,10,2,0.04,0,0,0,0.00,0,0,0,0.00,0,0,0,0.00
"420035513002",652,648,4,3.93,0,0,0,0.00,0,0,0,0.00,0,0,0,0.00,11,15,4,0.07
"420035519001",221,219,2,1.69,14,16,2,0.11,26,26,0,0.00,0,0,0,0.00,0,0,0,0.00
"420035519002",384,379,5,3.37,186,191,5,1.63,0,0,0,0.00,0,0,0,0.00,0,0,0,0.00
"420035520001",183,187,4,2.90,69,65,4,1.10,0,0,0,0.00,0,0,0,0.00,0,0,0,0.00
"420035520002",193,200,7,5.36,46,44,2,0.37,0,0,0,0.00,0,0,0,0.00,13,8,5,0.26
"420035520003",118,112,6,3.39,78,82,4,1.49,0,0,0,0.00,0,0,0,0.00,13,15,2,0.12
"420035520004",215,211,4,2.54,124,128,4,1.46,0,0,0,0.00,0,0,0,0.00,0,0,0,0.00
"420035521001",97,111,14,5.05,172,158,14,8.95,0,0,0,0.00,0,0,0,0.00,0,0,0,0.00
"420035521002",10,11,1,0.05,173,172,1,0.95,0,0,0,0.00,0,0,0,0.00,0,0,0,0.00
"420035522001",382,378,4,3.16,78,72,6,0.97,0,0,0,0.00,23,33,10,0.48,0,0,0,0.00
"420035523001",42,47,5,1.21,132,127,5,3.79,0,0,0,0.00,0,0,0,0.00,0,0,0,0.00
"420035523002",40,44,4,0.89,91,89,2,1.02,0,0,0,0.00,0,0,0,0.00,48,46,2,0.54
"420035523003",315,335,20,12.75,168,150,18,6.12,0,0,0,0.00,0,0,0,0.00,11,9,2,0.04
"420035524001",273,270,3,2.80,0,0,0,0.00,0,0,0,0.00,0,0,0,0.00,19,22,3,0.20
"420035524002",405,408,3,2.87,0,0,0,0.00,19,16,3,0.13,0,0,0,0.00,0,0,0,0.00
"420035524003",518,516,2,1.66,105,107,2,0.34,0,0,0,0.00,0,0,0,0.00,0,0,0,0.00
"420035604001",75,72,3,0.63,283,286,3,2.37,0,0,0,0.00,0,0,0,0.00,0,0,0,0.00
"420035604002",136,130,6,1.68,317,321,4,2.61,0,0,0,0.00,0,0,0,0.00,32,34,2,0.13
"420035605001",363,356,7,4.46,193,207,14,4.74,9,7,2,0.03,0,0,0,0.00,5,0,5,0.04
"420035605002",556,576,20,16.67,96,82,14,2.01,15,9,6,0.13,0,0,0,0.00,0,0,0,0.00
"420035606001",10,6,4,0.13,272,280,8,7.33,0,0,0,0.00,15,11,4,0.20,0,0,0,0.00
"420035606002",153,162,9,5.04,120,111,9,3.96,0,0,0,0.00,0,0,0,0.00,0,0,0,0.00
"420035610001",33,31,2,0.23,217,217,0,0.00,0,0,0,0.00,0,0,0,0.00,32,34,2,0.23
"420035610002",120,116,4,1.38,185,179,6,3.20,0,0,0,0.00,0,0,0,0.00,42,52,10,1.21
"420035611001",29,39,10,0.77,338,328,10,9.01,0,0,0,0.00,0,0,0,0.00,8,8,0,0.00
"420035612001",9,6,3,0.10,271,274,3,2.90,0,0,0,0.00,0,0,0,0.00,0,0,0,0.00
"420035612002",27,28,1,0.09,276,275,1,0.91,0,0,0,0.00,0,0,0,0.00,0,0,0,0.00
"420035614001",209,210,1,0.70,62,62,0,0.00,0,0,0,0.00,0,0,0,0.00,28,27,1,0.09
"420035614002",95,86,9,1.66,317,345,28,17.20,0,0,0,0.00,18,16,2,0.07,86,69,17,2.83
"420035614003",69,70,1,0.11,466,463,3,2.25,0,0,0,0.00,0,0,0,0.00,87,89,2,0.28
"420035614004",172,151,21,4.17,641,676,35,25.88,54,40,14,0.87,0,0,0,0.00,0,0,0,0.00
"420035615001",419,424,5,2.53,386,381,5,2.33,14,19,5,0.08,0,0,0,0.00,10,5,5,0.06
"420035615002",181,179,2,0.83,247,253,6,3.40,0,0,0,0.00,0,0,0,0.00,8,4,4,0.07
"420035615003",27,27,0,0.00,293,288,5,4.23,0,0,0,0.00,0,0,0,0.00,26,31,5,0.38
"420035616001",29,25,4,0.86,106,110,4,3.14,0,0,0,0.00,0,0,0,0.00,0,0,0,0.00
"420035616002",272,266,6,5.40,30,36,6,0.60,0,0,0,0.00,0,0,0,0.00,0,0,0,0.00
"420035616003",184,188,4,2.90,70,66,4,1.10,0,0,0,0.00,0,0,0,0.00,0,0,0,0.00
"420035616004",211,211,0,0.00,0,0,0,0.00,0,0,0,0.00,0,0,0,0.00,0,0,0,0.00
"420035617001",31,22,9,3.36,46,52,6,3.33,0,0,0,0.00,0,0,0,0.00,6,9,3,0.22
"420035617002",136,146,10,7.01,27,22,5,0.70,0,0,0,0.00,3,5,2,0.03,28,21,7,1.01
"420035619001",0,0,0,0.00,330,333,3,2.88,0,0,0,0.00,5,5,0,0.00,9,6,3,0.08
"420035619002",0,0,0,0.00,603,601,2,1.93,0,0,0,0.00,0,0,0,0.00,21,23,2,0.07
"420035620001",522,512,10,5.86,41,40,1,0.05,285,296,11,3.52,25,24,1,0.03,18,19,1,0.02
"420035620002",595,613,18,14.00,69,55,14,1.26,101,97,4,0.53,0,0,0,0.00,0,0,0,0.00
"420035620003",235,241,6,3.87,110,107,3,0.91,19,16,3,0.16,0,0,0,0.00,0,0,0,0.00
"420035623001",31,24,7,0.90,203,208,5,4.21,7,9,2,0.06,0,0,0,0.00,0,0,0,0.00
"420035623002",31,34,3,0.39,191,188,3,2.43,7,4,3,0.09,0,0,0,0.00,7,10,3,0.09
"420035623003",110,100,10,4.49,126,134,8,4.11,0,0,0,0.00,0,0,0,0.00,9,11,2,0.07
"420035623004",131,132,1,0.59,91,90,1,0.41,0,0,0,0.00,0,0,0,0.00,0,0,0,0.00
"420035623005",176,176,0,0.00,60,60,0,0.00,0,0,0,0.00,0,0,0,0.00,0,0,0,0.00
"420035623006",205,193,12,9.76,40,51,11,1.75,7,8,1,0.03,0,0,0,0.00,0,0,0,0.00
"420035624001",364,364,0,0.00,0,0,0,0.00,0,0,0,0.00,0,0,0,0.00,0,0,0,0.00
"420035624002",10,9,1,0.05,135,131,4,2.76,0,0,0,0.00,22,27,5,0.56,29,29,0,0.00
"420035624003",34,36,2,0.49,104,102,2,1.51,0,0,0,0.00,0,0,0,0.00,0,0,0,0.00
"420035624004",10,6,4,0.13,258,269,11,9.24,0,0,0,0.00,0,0,0,0.00,39,32,7,0.89
"420035624005",49,47,2,0.63,107,109,2,1.37,0,0,0,0.00,0,0,0,0.00,0,0,0,0.00
"420035625001",124,126,2,1.89,0,0,0,0.00,7,5,2,0.11,0,0,0,0.00,0,0,0,0.00
"420035625002",154,150,4,2.68,76,80,4,1.32,0,0,0,0.00,0,0,0,0.00,0,0,0,0.00
"420035625003",138,141,3,1.14,204,205,1,0.56,0,0,0,0.00,14,12,2,0.08,7,5,2,0.04
"420035625004",249,254,5,2.74,176,173,3,1.16,14,13,1,0.03,15,14,1,0.03,0,0,0,0.00
"420035626001",103,105,2,1.67,20,18,2,0.33,0,0,0,0.00,0,0,0,0.00,0,0,0,0.00
"420035626002",361,364,3,2.41,88,85,3,0.59,0,0,0,0.00,0,0,0,0.00,0,0,0,0.00
"420035626003",289,289,0,0.00,29,31,2,0.17,14,12,2,0.08,0,0,0,0.00,0,0,0,0.00
"420035626004",169,162,7,4.79,61,64,3,0.74,17,21,4,0.28,0,0,0,0.00,0,0,0,0.00
"420035627001",140,143,3,1.58,77,80,3,0.87,0,0,0,0.00,0,0,0,0.00,49,43,6,1.11
"420035627002",221,219,2,0.82,255,248,7,3.29,66,75,9,1.10,0,0,0,0.00,0,0,0,0.00
"420035628001",176,172,4,3.14,48,52,4,0.86,0,0,0,0.00,0,0,0,0.00,0,0,0,0.00
"420035628002",519,519,0,0.00,21,22,1,0.04,0,0,0,0.00,5,4,1,0.01,0,0,0,0.00
"420035629001",107,115,8,3.22,159,151,8,4.78,0,0,0,0.00,0,0,0,0.00,0,0,0,0.00
"420035629002",147,143,4,3.54,7,9,2,0.08,0,0,0,0.00,12,14,2,0.14,0,0,0,0.00
"420035629003",342,338,4,3.24,56,60,4,0.53,0,0,0,0.00,0,0,0,0.00,24,24,0,0.00
"420035630001",262,263,1,0.56,203,202,1,0.44,0,0,0,0.00,0,0,0,0.00,0,0,0,0.00
"420035630002",189,181,8,4.50,140,142,2,0.83,0,0,0,0.00,0,0,0,0.00,7,13,6,0.12
"420035630003",237,246,9,7.30,49,39,10,1.68,0,0,0,0.00,0,0,0,0.00,6,7,1,0.02
"420035630004",58,47,11,3.00,134,134,0,0.00,0,0,0,0.00,0,0,0,0.00,21,32,11,1.08
"420035631001",422,428,6,5.65,26,20,6,0.35,0,0,0,0.00,0,0,0,0.00,0,0,0,0.00
"420035631002",836,817,19,16.63,31,37,6,0.19,78,93,15,1.23,0,0,0,0.00,10,8,2,0.02
"420035631003",206,208,2,1.97,3,1,2,0.03,0,0,0,0.00,0,0,0,0.00,0,0,0,0.00
"420035632001",206,206,0,0.00,0,0,0,0.00,0,0,0,0.00,0,0,0,0.00,0,0,0,0.00
"420035632002",306,317,11,5.47,290,272,18,8.49,0,0,0,0.00,0,0,0,0.00,19,26,7,0.22
"420035632003",364,379,15,8.57,250,242,8,3.14,13,11,2,0.04,0,0,0,0.00,10,5,5,0.08
"420035633001",228,229,1,0.95,5,4,1,0.02,0,0,0,0.00,2,2,0,0.00,5,5,0,0.00
"420035633002",302,302,0,0.00,3,4,1,0.01,2,1,1,0.01,0,0,0,0.00,3,3,0,0.00
"420035638001",268,268,0,0.00,3,3,0,0.00,5,7,2,0.04,9,7,2,0.06,0,0,0,0.00
"420035638002",1037,1038,1,0.96,16,22,6,0.09,28,21,7,0.18,0,0,0,0.00,0,0,0,0.00
"420035638003",80,76,4,3.56,10,14,4,0.44,0,0,0,0.00,0,0,0,0.00,0,0,0,0.00
"420035638004",34,34,0,0.00,0,0,0,0.00,0,0,0,0.00,0,0,0,0.00,0,0,0,0.00
"420035638005",203,203,0,0.00,0,0,0,0.00,0,0,0,0.00,0,0,0,0.00,0,0,0,0.00
"420035638006",132,132,0,0.00,0,0,0,0.00,0,0,0,0.00,0,0,0,0.00,0,0,0,0.00
"420035639001",357,364,7,6.19,47,40,7,0.81,0,0,0,0.00,0,0,0,0.00,0,0,0,0.00
"420035639002",501,501,0,0.00,72,81,9,1.11,0,0,0,0.00,0,0,0,0.00,13,4,9,0.20
"420035639003",415,419,4,3.49,43,39,4,0.36,0,0,0,0.00,0,0,0,0.00,17,17,0,0.00
"420035639004",460,460,0,0.00,0,0,0,0.00,0,0,0,0.00,0,0,0,0.00,0,0,0,0.00
"420035640001",1120,1113,7,6.66,47,56,9,0.36,10,8,2,0.02,0,0,0,0.00,0,0,0,0.00
"420035640002",854,854,0,0.00,0,0,0,0.00,0,0,0,0.00,0,0,0,0.00,0,0,0,0.00
"420035640003",150,151,1,0.90,0,0,0,0.00,17,16,1,0.10,0,0,0,0.00,0,0,0,0.00
"420035641001",171,169,2,1.98,0,0,0,0.00,2,4,2,0.02,0,0,0,0.00,0,0,0,0.00
"420035641002",182,182,0,0.00,0,0,0,0.00,1,1,0,0.00,0,0,0,0.00,0,0,0,0.00
"420035642001",150,151,1,0.98,0,0,0,0.00,0,0,0,0.00,0,0,0,0.00,3,2,1,0.02
"420035642002",432,439,7,6.50,18,14,4,0.15,0,0,0,0.00,0,0,0,0.00,15,12,3,0.10
"420035642003",395,383,12,11.34,11,16,5,0.13,12,19,7,0.20,0,0,0,0.00,0,0,0,0.00
"420035644001",471,471,0,0.00,0,0,0,0.00,0,0,0,0.00,0,0,0,0.00,0,0,0,0.00
"420035644002",477,475,2,1.90,25,27,2,0.10,0,0,0,0.00,0,0,0,0.00,0,0,0,0.00
"420035644003",459,461,2,1.84,39,37,2,0.16,0,0,0,0.00,0,0,0,0.00,0,0,0,0.00
"420035644004",541,542,1,0.92,48,47,1,0.08,0,0,0,0.00,0,0,0,0.00,0,0,0,0.00
"420035644005",290,290,0,0.00,0,0,0,0.00,0,0,0,0.00,0,0,0,0.00,0,0,0,0.00
"420035644006",245,243,2,1.89,8,7,1,0.03,5,8,3,0.06,0,0,0,0.00,1,1,0,0.00
"420035644007",25,25,0,0.00,0,0,0,0.00,0,0,0,0.00,0,0,0,0.00,0,0,0,0.00
"420035645001",610,610,0,0.00,0,0,0,0.00,0,0,0,0.00,0,0,0,0.00,0,0,0,0.00
"420035645002",383,372,11,9.49,61,72,11,1.51,0,0,0,0.00,0,0,0,0.00,0,0,0,0.00
"420035645003",199,198,1,0.95,3,5,2,0.03,0,0,0,0.00,0,0,0,0.00,8,7,1,0.04
"420039800001",208,210,2,1.37,0,0,0,0.00,96,94,2,0.63,0,0,0,0.00,0,0,0,0.00
"420039801001",8,8,0,0.00,0,0,0,0.00,0,0,0,0.00,0,0,0,0.00,0,0,0,0.00
"420039803001",1,1,0,0.00,0,0,0,0.00,0,0,0,0.00,0,0,0,0.00,0,0,0,0.00
"420039804001",0,0,0,0.00,14,14,0,0.00,0,0,0,0.00,0,0,0,0.00,0,0,0,0.00
"420039805001",14,14,0,0.00,0,0,0,0.00,0,0,0,0.00,0,0,0,0.00,0,0,0,0.00
"420039807001",10,10,0,0.00,0,0,0,0.00,0,0,0,0.00,0,0,0,0.00,0,0,0,0.00
"420039810001",2,2,0,0.00,0,0,0,0.00,0,0,0,0.00,0,0,0,0.00,0,0,0,0.00
"420039818001",43,43,0,0.00,0,0,0,0.00,0,0,0,0.00,0,0,0,0.00,0,0,0,0.00
"420039822001",165,165,0,0.00,0,0,0,0.00,0,0,0,0.00,0,0,0,0.00,0,0,0,0.00
