sp_id,sp_gq_id,sporder,age,sex
940214192,450046457,1,94,2
940214193,450046457,1,88,2
940214194,450046457,1,86,2
940214195,450046457,1,85,2
940214196,450046457,1,93,2
940214197,450046457,1,83,2
940214198,450046457,1,98,2
940214199,450046457,1,95,2
940214215,450046457,1,85,2
940214214,450046457,1,96,2
940214213,450046457,1,85,2
940214212,450046457,1,77,2
940214211,450046457,1,71,2
940214210,450046457,1,89,2
940214209,450046457,1,75,2
940214208,450046457,1,82,2
940214207,450046457,1,85,2
940214206,450046457,1,81,2
940214205,450046457,1,79,2
940214204,450046457,1,85,2
940214203,450046457,1,90,2
940214202,450046457,1,83,2
940754262,450046457,1,80,1
940214201,450046457,1,105,2
940214189,450046457,1,87,2
940214191,450046457,1,77,2
940754255,450046457,1,75,1
940214181,450046457,1,78,2
940214182,450046457,1,92,2
940214183,450046457,1,81,2
940214184,450046457,1,99,2
940214185,450046457,1,87,2
940214186,450046457,1,81,2
940214187,450046457,1,93,2
940214188,450046457,1,87,2
940214190,450046457,1,92,2
940214200,450046457,1,78,2
940754256,450046457,1,81,1
940754257,450046457,1,77,1
940754258,450046457,1,80,1
940754259,450046457,1,96,1
940754260,450046457,1,98,1
940754261,450046457,1,66,1
940754248,450046457,1,83,1
940754249,450046457,1,75,1
940754250,450046457,1,85,1
940754251,450046457,1,75,1
940754252,450046457,1,89,1
940754253,450046457,1,83,1
940754254,450046457,1,90,1
939377271,450030484,1,63,2
939377272,450030484,1,36,2
939377270,450030484,1,44,2
939377273,450030484,1,46,2
939377269,450030484,1,58,2
940319218,450030484,1,48,1
940319217,450030484,1,32,1
939613481,450030484,1,84,2
939613482,450030484,1,92,2
939377274,450030484,1,27,2
939849147,450036335,1,95,2
939849161,450036335,1,91,2
939849160,450036335,1,84,2
939849159,450036335,1,77,2
939849158,450036335,1,83,2
939849157,450036335,1,72,2
939849156,450036335,1,85,2
939849155,450036335,1,90,2
939849154,450036335,1,75,2
939849153,450036335,1,92,2
939849152,450036335,1,85,2
939849151,450036335,1,68,2
939849150,450036335,1,85,2
939849149,450036335,1,97,2
939849148,450036335,1,81,2
939849146,450036335,1,86,2
939849145,450036335,1,84,2
939849144,450036335,1,84,2
939849143,450036335,1,87,2
939849142,450036335,1,103,2
939849141,450036335,1,85,2
939849140,450036335,1,83,2
939849139,450036335,1,75,2
940352647,450036335,1,62,1
942561563,450022033,1,17,2
942561564,450022033,1,17,2
942561565,450022033,1,13,2
942561561,450022033,1,17,2
942561562,450022033,1,15,2
942561566,450022033,1,17,2
942561567,450022033,1,17,2
942561568,450022033,1,17,2
942561569,450022033,1,15,2
942561570,450022033,1,16,2
942552438,450022034,1,38,1
942552437,450022034,1,39,1
942552428,450022034,1,17,1
942552429,450022034,1,17,1
942552430,450022034,1,17,1
942552431,450022034,1,17,1
942552432,450022034,1,16,1
942552433,450022034,1,17,1
942552434,450022034,1,17,1
942552435,450022034,1,16,1
942552436,450022034,1,17,1
939613457,450030485,1,87,2
940319206,450030485,1,56,1
940319207,450030485,1,46,1
939377262,450030485,1,62,2
939377261,450030485,1,44,2
939613449,450030485,1,85,2
939613450,450030485,1,77,2
939613451,450030485,1,79,2
939613452,450030485,1,100,2
939613453,450030485,1,96,2
939613454,450030485,1,75,2
939613460,450030485,1,87,2
939613459,450030485,1,89,2
939613458,450030485,1,88,2
939613455,450030485,1,80,2
939613456,450030485,1,69,2
940319205,450030485,1,56,1
942548562,450008451,1,26,1
942549420,450008451,1,40,1
942549421,450008451,1,45,1
942549422,450008451,1,53,1
942549423,450008451,1,25,1
942549424,450008451,1,29,1
942549425,450008451,1,42,1
942549426,450008451,1,44,1
942549427,450008451,1,54,1
942549428,450008451,1,41,1
942549429,450008451,1,57,1
942549430,450008451,1,35,1
942549431,450008451,1,34,1
942549432,450008451,1,23,1
942549433,450008451,1,39,1
942549434,450008451,1,38,1
942549435,450008451,1,48,1
942549436,450008451,1,22,1
942549437,450008451,1,45,1
942549438,450008451,1,35,1
942549439,450008451,1,48,1
942549440,450008451,1,27,1
942549441,450008451,1,41,1
942549442,450008451,1,31,1
942549443,450008451,1,49,1
942549444,450008451,1,31,1
942549445,450008451,1,33,1
942549446,450008451,1,19,1
942549447,450008451,1,38,1
942549448,450008451,1,38,1
942549449,450008451,1,33,1
942549450,450008451,1,29,1
942549451,450008451,1,22,1
942549452,450008451,1,45,1
942549453,450008451,1,46,1
942549454,450008451,1,22,1
942549455,450008451,1,42,1
942549456,450008451,1,34,1
942549457,450008451,1,40,1
942549458,450008451,1,42,1
942549459,450008451,1,38,1
942549460,450008451,1,35,1
942549461,450008451,1,25,1
942549462,450008451,1,32,1
942549463,450008451,1,27,1
942549464,450008451,1,26,1
942549465,450008451,1,35,1
942549466,450008451,1,40,1
942549467,450008451,1,29,1
942549468,450008451,1,43,1
942549469,450008451,1,26,1
942549470,450008451,1,38,1
942549471,450008451,1,37,1
942549472,450008451,1,53,1
942549473,450008451,1,52,1
942549474,450008451,1,43,1
942549475,450008451,1,28,1
942549476,450008451,1,36,1
942549477,450008451,1,41,1
942549478,450008451,1,33,1
942549479,450008451,1,32,1
942549480,450008451,1,27,1
942549481,450008451,1,23,1
942549482,450008451,1,27,1
942549483,450008451,1,54,1
942549484,450008451,1,29,1
942549485,450008451,1,27,1
942549486,450008451,1,26,1
942549487,450008451,1,33,1
942549488,450008451,1,43,1
942549489,450008451,1,29,1
942549490,450008451,1,33,1
942549491,450008451,1,58,1
942549492,450008451,1,41,1
942549493,450008451,1,43,1
942549494,450008451,1,40,1
942549495,450008451,1,34,1
942549496,450008451,1,35,1
942549497,450008451,1,37,1
942549498,450008451,1,30,1
942549499,450008451,1,56,1
942549500,450008451,1,55,1
942549501,450008451,1,51,1
942549502,450008451,1,38,1
942549503,450008451,1,25,1
942549504,450008451,1,32,1
942549505,450008451,1,46,1
942549506,450008451,1,29,1
942549507,450008451,1,24,1
942549508,450008451,1,31,1
942549509,450008451,1,46,1
942549510,450008451,1,33,1
942549511,450008451,1,33,1
942549512,450008451,1,45,1
942549513,450008451,1,32,1
942549514,450008451,1,54,1
942549515,450008451,1,46,1
942549516,450008451,1,21,1
942549517,450008451,1,23,1
942549518,450008451,1,43,1
942549519,450008451,1,22,1
942549520,450008451,1,37,1
942549521,450008451,1,28,1
942549522,450008451,1,18,1
942549523,450008451,1,18,1
942549524,450008451,1,34,1
942549525,450008451,1,32,1
942549526,450008451,1,40,1
942549527,450008451,1,34,1
942549528,450008451,1,41,1
942549529,450008451,1,37,1
942549530,450008451,1,64,1
942549531,450008451,1,53,1
942549532,450008451,1,54,1
942549533,450008451,1,46,1
942549534,450008451,1,36,1
942549535,450008451,1,44,1
942549536,450008451,1,33,1
942549537,450008451,1,47,1
942549538,450008451,1,52,1
942549539,450008451,1,32,1
942549540,450008451,1,43,1
942549541,450008451,1,21,1
942549542,450008451,1,35,1
942549543,450008451,1,48,1
942549544,450008451,1,33,1
942549545,450008451,1,35,1
942549546,450008451,1,18,1
942549547,450008451,1,57,1
942549548,450008451,1,49,1
942549549,450008451,1,42,1
942549550,450008451,1,36,1
942549551,450008451,1,48,1
942549552,450008451,1,27,1
942549553,450008451,1,47,1
942549554,450008451,1,53,1
942549555,450008451,1,25,1
942549556,450008451,1,31,1
942549557,450008451,1,31,1
942549558,450008451,1,37,1
942549559,450008451,1,30,1
942549560,450008451,1,34,1
942549561,450008451,1,37,1
942549562,450008451,1,35,1
942549563,450008451,1,36,1
942549564,450008451,1,21,1
942549565,450008451,1,58,1
942549566,450008451,1,45,1
942549567,450008451,1,23,1
942549568,450008451,1,37,1
942549569,450008451,1,46,1
942549570,450008451,1,25,1
942549571,450008451,1,39,1
942549572,450008451,1,50,1
942549573,450008451,1,27,1
942549574,450008451,1,29,1
942549575,450008451,1,29,1
942549576,450008451,1,20,1
942549577,450008451,1,55,1
942549578,450008451,1,36,1
942549579,450008451,1,42,1
942549580,450008451,1,49,1
942549581,450008451,1,23,1
942549582,450008451,1,41,1
942549583,450008451,1,45,1
942549584,450008451,1,39,1
942549585,450008451,1,50,1
942549586,450008451,1,28,1
942549587,450008451,1,47,1
942549588,450008451,1,22,1
942549589,450008451,1,32,1
942549590,450008451,1,46,1
942549591,450008451,1,57,1
942549592,450008451,1,59,1
942549593,450008451,1,22,1
942549594,450008451,1,38,1
942549595,450008451,1,64,1
942549596,450008451,1,29,1
942549597,450008451,1,36,1
942549598,450008451,1,35,1
942549599,450008451,1,22,1
942549600,450008451,1,46,1
942549601,450008451,1,64,1
942549602,450008451,1,44,1
942549603,450008451,1,26,1
942549604,450008451,1,24,1
942549605,450008451,1,28,1
942549606,450008451,1,29,1
942549607,450008451,1,60,1
942549608,450008451,1,31,1
942549609,450008451,1,20,1
942549610,450008451,1,28,1
942549611,450008451,1,42,1
942549612,450008451,1,46,1
942549613,450008451,1,29,1
942549614,450008451,1,41,1
942549615,450008451,1,37,1
942549616,450008451,1,38,1
942549617,450008451,1,22,1
942549618,450008451,1,57,1
942549619,450008451,1,22,1
942549620,450008451,1,43,1
942549621,450008451,1,35,1
942549622,450008451,1,29,1
942549623,450008451,1,47,1
942549624,450008451,1,26,1
942549625,450008451,1,46,1
942549626,450008451,1,25,1
942549627,450008451,1,21,1
942549628,450008451,1,50,1
942549629,450008451,1,38,1
942549630,450008451,1,27,1
942549631,450008451,1,38,1
942549632,450008451,1,39,1
942549633,450008451,1,22,1
942549634,450008451,1,33,1
942549635,450008451,1,21,1
942549636,450008451,1,52,1
942549637,450008451,1,23,1
942549638,450008451,1,23,1
942549639,450008451,1,40,1
942549640,450008451,1,54,1
942549641,450008451,1,48,1
942549642,450008451,1,26,1
942549643,450008451,1,51,1
942549644,450008451,1,26,1
942549645,450008451,1,32,1
942549646,450008451,1,37,1
942549647,450008451,1,39,1
942549648,450008451,1,42,1
942549649,450008451,1,45,1
942549650,450008451,1,32,1
942549651,450008451,1,35,1
942549652,450008451,1,46,1
942549653,450008451,1,37,1
942549654,450008451,1,43,1
942549655,450008451,1,45,1
942549656,450008451,1,37,1
942549657,450008451,1,41,1
942549658,450008451,1,50,1
942549659,450008451,1,21,1
942549660,450008451,1,33,1
942549661,450008451,1,39,1
942549662,450008451,1,42,1
942549663,450008451,1,35,1
942549664,450008451,1,43,1
942549665,450008451,1,25,1
942549666,450008451,1,33,1
942549667,450008451,1,61,1
942549668,450008451,1,49,1
942549669,450008451,1,30,1
942549670,450008451,1,23,1
942549671,450008451,1,42,1
942549672,450008451,1,35,1
942549673,450008451,1,50,1
942549674,450008451,1,51,1
942549675,450008451,1,39,1
942549676,450008451,1,53,1
942549677,450008451,1,47,1
942549678,450008451,1,57,1
942549679,450008451,1,28,1
942549680,450008451,1,21,1
942549681,450008451,1,32,1
942549682,450008451,1,49,1
942549683,450008451,1,23,1
942549684,450008451,1,57,1
942549685,450008451,1,42,1
942549686,450008451,1,23,1
942549687,450008451,1,22,1
942549688,450008451,1,46,1
942549689,450008451,1,51,1
942549690,450008451,1,27,1
942549691,450008451,1,37,1
942549692,450008451,1,62,1
942549693,450008451,1,54,1
942549694,450008451,1,48,1
942549695,450008451,1,46,1
942549696,450008451,1,39,1
942549697,450008451,1,31,1
942549698,450008451,1,43,1
942549699,450008451,1,38,1
942549700,450008451,1,23,1
942549701,450008451,1,52,1
942549702,450008451,1,47,1
942549703,450008451,1,38,1
942549704,450008451,1,61,1
942549705,450008451,1,24,1
942549706,450008451,1,42,1
942549707,450008451,1,32,1
942549708,450008451,1,20,1
942549709,450008451,1,27,1
942549710,450008451,1,41,1
942549711,450008451,1,70,1
942549712,450008451,1,67,1
942549713,450008451,1,77,1
942549714,450008451,1,77,1
942549715,450008451,1,67,1
942549716,450008451,1,92,1
942549717,450008451,1,65,1
942549718,450008451,1,68,1
942549719,450008451,1,92,1
942549720,450008451,1,88,1
942549721,450008451,1,67,1
942549722,450008451,1,78,1
942549723,450008451,1,70,1
942549724,450008451,1,81,1
942549725,450008451,1,67,1
942549726,450008451,1,76,1
942549727,450008451,1,69,1
942549728,450008451,1,76,1
942549729,450008451,1,73,1
942549730,450008451,1,82,1
942549731,450008451,1,66,1
942549732,450008451,1,83,1
942549733,450008451,1,67,1
942549734,450008451,1,65,1
942548616,450008451,1,51,1
942548615,450008451,1,33,1
942548614,450008451,1,29,1
942548613,450008451,1,32,1
942548612,450008451,1,51,1
942548611,450008451,1,20,1
942548610,450008451,1,35,1
942548609,450008451,1,34,1
942548608,450008451,1,48,1
942548607,450008451,1,26,1
942548606,450008451,1,39,1
942548605,450008451,1,32,1
942548604,450008451,1,45,1
942548603,450008451,1,22,1
942548602,450008451,1,28,1
942548601,450008451,1,48,1
942548600,450008451,1,25,1
942548599,450008451,1,32,1
942548598,450008451,1,24,1
942548597,450008451,1,22,1
942548596,450008451,1,32,1
942548595,450008451,1,26,1
942548594,450008451,1,43,1
942548593,450008451,1,43,1
942548592,450008451,1,20,1
942548591,450008451,1,57,1
942548590,450008451,1,30,1
942548589,450008451,1,45,1
942548588,450008451,1,49,1
942548587,450008451,1,21,1
942548586,450008451,1,34,1
942548585,450008451,1,32,1
942548584,450008451,1,51,1
942548583,450008451,1,57,1
942548582,450008451,1,27,1
942548581,450008451,1,48,1
942548580,450008451,1,52,1
942548579,450008451,1,22,1
942548578,450008451,1,21,1
942548577,450008451,1,43,1
942548576,450008451,1,43,1
942548575,450008451,1,48,1
942548574,450008451,1,64,1
942548573,450008451,1,34,1
942548572,450008451,1,31,1
942548571,450008451,1,28,1
942548570,450008451,1,38,1
942548569,450008451,1,18,1
942548568,450008451,1,27,1
942548567,450008451,1,36,1
942548566,450008451,1,43,1
942548565,450008451,1,56,1
942548564,450008451,1,45,1
942548563,450008451,1,45,1
942548561,450008451,1,31,1
942548560,450008451,1,32,1
942548559,450008451,1,26,1
942548558,450008451,1,46,1
942548557,450008451,1,35,1
942548556,450008451,1,47,1
942548555,450008451,1,21,1
942548554,450008451,1,33,1
942548553,450008451,1,21,1
942548552,450008451,1,40,1
942548551,450008451,1,59,1
942548550,450008451,1,24,1
942548549,450008451,1,39,1
942548548,450008451,1,63,1
942548547,450008451,1,43,1
942548546,450008451,1,34,1
942548545,450008451,1,21,1
942548544,450008451,1,39,1
942548543,450008451,1,25,1
942548542,450008451,1,25,1
942548541,450008451,1,26,1
942548540,450008451,1,27,1
942548539,450008451,1,43,1
942548538,450008451,1,53,1
942548537,450008451,1,49,1
942548536,450008451,1,34,1
942548535,450008451,1,50,1
942548534,450008451,1,56,1
942548533,450008451,1,25,1
942548532,450008451,1,60,1
942548531,450008451,1,39,1
942548530,450008451,1,43,1
942548529,450008451,1,27,1
942548528,450008451,1,58,1
942548527,450008451,1,32,1
942548526,450008451,1,38,1
942548525,450008451,1,20,1
942548524,450008451,1,29,1
942548523,450008451,1,21,1
942548522,450008451,1,24,1
942548521,450008451,1,23,1
942548520,450008451,1,37,1
942548519,450008451,1,48,1
942548518,450008451,1,35,1
942548517,450008451,1,44,1
942548516,450008451,1,40,1
942548515,450008451,1,40,1
942548514,450008451,1,20,1
942548513,450008451,1,23,1
942548512,450008451,1,57,1
942548511,450008451,1,27,1
942548510,450008451,1,24,1
942548509,450008451,1,49,1
942548508,450008451,1,21,1
942548507,450008451,1,26,1
942548506,450008451,1,36,1
942548505,450008451,1,26,1
942548504,450008451,1,28,1
942548503,450008451,1,29,1
942548502,450008451,1,30,1
942548501,450008451,1,50,1
942548500,450008451,1,27,1
942548499,450008451,1,28,1
942548498,450008451,1,42,1
942548497,450008451,1,32,1
942548496,450008451,1,46,1
942548495,450008451,1,31,1
942548494,450008451,1,32,1
942548493,450008451,1,42,1
942548492,450008451,1,51,1
942548491,450008451,1,54,1
942548490,450008451,1,37,1
942548489,450008451,1,26,1
942548488,450008451,1,44,1
942548487,450008451,1,63,1
942548486,450008451,1,30,1
942548485,450008451,1,35,1
942548484,450008451,1,21,1
942548483,450008451,1,22,1
942548482,450008451,1,57,1
942548481,450008451,1,43,1
942548480,450008451,1,34,1
942548479,450008451,1,29,1
942548478,450008451,1,30,1
942548477,450008451,1,28,1
942548476,450008451,1,36,1
942548475,450008451,1,34,1
942548474,450008451,1,48,1
942548473,450008451,1,26,1
942548472,450008451,1,43,1
942548471,450008451,1,28,1
942548470,450008451,1,29,1
942548469,450008451,1,35,1
942548468,450008451,1,38,1
942548467,450008451,1,37,1
942548466,450008451,1,41,1
942548465,450008451,1,48,1
942548464,450008451,1,55,1
942548463,450008451,1,26,1
942548462,450008451,1,27,1
942548461,450008451,1,22,1
942548460,450008451,1,32,1
942548459,450008451,1,61,1
942548458,450008451,1,37,1
942548457,450008451,1,25,1
942548456,450008451,1,43,1
942548455,450008451,1,38,1
942548454,450008451,1,20,1
942548453,450008451,1,41,1
942548452,450008451,1,25,1
942548451,450008451,1,45,1
942548450,450008451,1,22,1
942548449,450008451,1,47,1
942548448,450008451,1,26,1
942548447,450008451,1,50,1
942548446,450008451,1,23,1
942548445,450008451,1,55,1
942548444,450008451,1,40,1
942548443,450008451,1,56,1
942548442,450008451,1,27,1
942548441,450008451,1,47,1
942548440,450008451,1,35,1
942548439,450008451,1,34,1
942548438,450008451,1,19,1
942548437,450008451,1,24,1
942548436,450008451,1,30,1
942548435,450008451,1,50,1
942548434,450008451,1,34,1
942548433,450008451,1,25,1
942548432,450008451,1,40,1
942548431,450008451,1,35,1
942548430,450008451,1,46,1
942548429,450008451,1,40,1
942548428,450008451,1,54,1
942548427,450008451,1,60,1
942548426,450008451,1,46,1
942548425,450008451,1,26,1
942548424,450008451,1,25,1
942548423,450008451,1,32,1
942548422,450008451,1,48,1
942548421,450008451,1,39,1
942548420,450008451,1,18,1
942548419,450008451,1,32,1
942548418,450008451,1,31,1
942548417,450008451,1,35,1
942548416,450008451,1,43,1
942548415,450008451,1,23,1
942548414,450008451,1,61,1
942548413,450008451,1,45,1
942548412,450008451,1,53,1
942548411,450008451,1,31,1
942548410,450008451,1,28,1
942548409,450008451,1,51,1
942548408,450008451,1,51,1
942548407,450008451,1,58,1
942548406,450008451,1,33,1
942548405,450008451,1,46,1
942548404,450008451,1,51,1
942548403,450008451,1,49,1
942548402,450008451,1,43,1
942548401,450008451,1,29,1
942548400,450008451,1,54,1
942548399,450008451,1,32,1
942548398,450008451,1,35,1
942548397,450008451,1,60,1
942548396,450008451,1,20,1
942548395,450008451,1,20,1
942548394,450008451,1,51,1
942548393,450008451,1,52,1
942548392,450008451,1,23,1
942548391,450008451,1,32,1
942548390,450008451,1,19,1
942548389,450008451,1,34,1
942548388,450008451,1,33,1
942548387,450008451,1,47,1
942548386,450008451,1,39,1
942548385,450008451,1,41,1
942548384,450008451,1,28,1
942548383,450008451,1,28,1
942548382,450008451,1,43,1
942548381,450008451,1,31,1
942548380,450008451,1,39,1
942548379,450008451,1,21,1
942548378,450008451,1,41,1
942548377,450008451,1,41,1
942548376,450008451,1,47,1
942548375,450008451,1,25,1
942548374,450008451,1,23,1
942548373,450008451,1,62,1
942548372,450008451,1,53,1
942548371,450008451,1,32,1
942548370,450008451,1,45,1
942548369,450008451,1,37,1
942548368,450008451,1,22,1
942548367,450008451,1,35,1
942548366,450008451,1,27,1
942548365,450008451,1,48,1
942548364,450008451,1,38,1
942548363,450008451,1,45,1
942548362,450008451,1,39,1
942548361,450008451,1,33,1
942548360,450008451,1,24,1
942548359,450008451,1,33,1
942548358,450008451,1,42,1
942548357,450008451,1,44,1
942548356,450008451,1,25,1
942548355,450008451,1,47,1
942548354,450008451,1,32,1
942548353,450008451,1,50,1
942548352,450008451,1,26,1
942548351,450008451,1,22,1
942548350,450008451,1,31,1
942548349,450008451,1,49,1
942548348,450008451,1,39,1
942548347,450008451,1,55,1
942548346,450008451,1,30,1
942548345,450008451,1,31,1
942548344,450008451,1,27,1
942548343,450008451,1,35,1
942548342,450008451,1,25,1
942548341,450008451,1,27,1
942548340,450008451,1,37,1
942548339,450008451,1,53,1
942548338,450008451,1,33,1
942548337,450008451,1,60,1
942548336,450008451,1,22,1
942548335,450008451,1,33,1
942548334,450008451,1,46,1
942548333,450008451,1,47,1
942548332,450008451,1,40,1
942548331,450008451,1,25,1
942548330,450008451,1,38,1
942548329,450008451,1,20,1
942548328,450008451,1,27,1
942548327,450008451,1,48,1
942548326,450008451,1,30,1
942548325,450008451,1,33,1
942548324,450008451,1,39,1
942548323,450008451,1,32,1
942548322,450008451,1,59,1
942548321,450008451,1,27,1
942548320,450008451,1,53,1
942548319,450008451,1,49,1
942548318,450008451,1,51,1
942548317,450008451,1,32,1
942548316,450008451,1,25,1
942548315,450008451,1,28,1
942548314,450008451,1,22,1
942548313,450008451,1,31,1
942548312,450008451,1,21,1
942548311,450008451,1,34,1
942548310,450008451,1,20,1
942548309,450008451,1,54,1
942548308,450008451,1,46,1
942548307,450008451,1,31,1
942548306,450008451,1,43,1
942548305,450008451,1,49,1
942548304,450008451,1,38,1
942548303,450008451,1,41,1
942548302,450008451,1,51,1
942548301,450008451,1,38,1
942548300,450008451,1,26,1
942548299,450008451,1,50,1
942548298,450008451,1,35,1
942548297,450008451,1,40,1
942548296,450008451,1,27,1
942548295,450008451,1,51,1
942548294,450008451,1,23,1
942548293,450008451,1,42,1
942548292,450008451,1,59,1
942548291,450008451,1,34,1
942548290,450008451,1,44,1
942548289,450008451,1,39,1
942548288,450008451,1,29,1
942548287,450008451,1,35,1
942548286,450008451,1,27,1
942548285,450008451,1,28,1
942548284,450008451,1,58,1
942548283,450008451,1,29,1
942548282,450008451,1,36,1
942548281,450008451,1,39,1
942548280,450008451,1,42,1
942548279,450008451,1,34,1
942548278,450008451,1,53,1
942548277,450008451,1,35,1
942548276,450008451,1,46,1
942548275,450008451,1,31,1
942548274,450008451,1,45,1
942548273,450008451,1,23,1
942548272,450008451,1,39,1
942548271,450008451,1,38,1
942548270,450008451,1,42,1
942548269,450008451,1,33,1
942548268,450008451,1,41,1
942548267,450008451,1,26,1
942548266,450008451,1,27,1
942548265,450008451,1,56,1
942548264,450008451,1,22,1
942548263,450008451,1,36,1
942548262,450008451,1,49,1
942548261,450008451,1,57,1
942548260,450008451,1,23,1
942548259,450008451,1,43,1
942548258,450008451,1,28,1
942548257,450008451,1,23,1
942548256,450008451,1,39,1
942548255,450008451,1,39,1
942548254,450008451,1,27,1
942548253,450008451,1,57,1
942548252,450008451,1,44,1
942548251,450008451,1,33,1
942548250,450008451,1,22,1
942548249,450008451,1,42,1
942548248,450008451,1,44,1
942548247,450008451,1,23,1
942548246,450008451,1,25,1
942548245,450008451,1,51,1
942548244,450008451,1,25,1
942548243,450008451,1,31,1
942548242,450008451,1,31,1
942548241,450008451,1,27,1
942548240,450008451,1,34,1
942548239,450008451,1,48,1
942548238,450008451,1,51,1
942548237,450008451,1,40,1
942548236,450008451,1,26,1
942548235,450008451,1,43,1
942548234,450008451,1,28,1
942548233,450008451,1,23,1
942548232,450008451,1,41,1
942548231,450008451,1,26,1
942548230,450008451,1,42,1
942548229,450008451,1,34,1
942548228,450008451,1,20,1
942548227,450008451,1,25,1
942548226,450008451,1,28,1
942548225,450008451,1,31,1
942548224,450008451,1,34,1
942548223,450008451,1,29,1
942548222,450008451,1,22,1
942548221,450008451,1,22,1
942548220,450008451,1,32,1
942548219,450008451,1,37,1
942548218,450008451,1,38,1
942548217,450008451,1,34,1
942548216,450008451,1,32,1
942548215,450008451,1,28,1
942548214,450008451,1,33,1
942548213,450008451,1,28,1
942548212,450008451,1,32,1
942548211,450008451,1,46,1
942548210,450008451,1,30,1
942548209,450008451,1,28,1
942548208,450008451,1,26,1
942548207,450008451,1,20,1
942548206,450008451,1,24,1
942548205,450008451,1,27,1
942548204,450008451,1,47,1
942548203,450008451,1,51,1
942548202,450008451,1,47,1
942548201,450008451,1,18,1
942548200,450008451,1,44,1
942548199,450008451,1,33,1
942548198,450008451,1,30,1
942548197,450008451,1,20,1
942548196,450008451,1,20,1
942548195,450008451,1,26,1
942548194,450008451,1,31,1
942548193,450008451,1,48,1
942548192,450008451,1,53,1
942548191,450008451,1,33,1
942548190,450008451,1,37,1
942548189,450008451,1,29,1
942548188,450008451,1,39,1
942548187,450008451,1,34,1
942548186,450008451,1,60,1
942548185,450008451,1,24,1
942548184,450008451,1,46,1
942548183,450008451,1,27,1
942548182,450008451,1,48,1
942548181,450008451,1,24,1
942548180,450008451,1,26,1
942548179,450008451,1,32,1
942548178,450008451,1,40,1
942548177,450008451,1,33,1
942548176,450008451,1,46,1
942548175,450008451,1,36,1
942548174,450008451,1,36,1
942548173,450008451,1,42,1
942548172,450008451,1,46,1
942548171,450008451,1,29,1
942548170,450008451,1,32,1
942548169,450008451,1,30,1
942548168,450008451,1,45,1
942548167,450008451,1,36,1
942548166,450008451,1,59,1
942548165,450008451,1,37,1
942548164,450008451,1,25,1
942548163,450008451,1,28,1
942548162,450008451,1,32,1
942548161,450008451,1,42,1
942548160,450008451,1,45,1
942548159,450008451,1,47,1
942548158,450008451,1,20,1
942548157,450008451,1,29,1
942548156,450008451,1,23,1
942548155,450008451,1,63,1
942548154,450008451,1,33,1
942548153,450008451,1,38,1
942548152,450008451,1,31,1
942548151,450008451,1,38,1
942548150,450008451,1,23,1
942548149,450008451,1,33,1
942548148,450008451,1,30,1
942548147,450008451,1,20,1
942548146,450008451,1,27,1
942548145,450008451,1,25,1
942548144,450008451,1,32,1
942548143,450008451,1,52,1
942548142,450008451,1,45,1
942548141,450008451,1,47,1
942548140,450008451,1,24,1
942548139,450008451,1,24,1
942548138,450008451,1,42,1
942548137,450008451,1,31,1
942548136,450008451,1,35,1
942548135,450008451,1,29,1
942548134,450008451,1,48,1
942548133,450008451,1,45,1
942548132,450008451,1,25,1
942548131,450008451,1,48,1
942548130,450008451,1,44,1
942548129,450008451,1,37,1
942548128,450008451,1,30,1
942548127,450008451,1,29,1
942548126,450008451,1,40,1
942548125,450008451,1,41,1
942548124,450008451,1,48,1
942548123,450008451,1,52,1
942548122,450008451,1,41,1
942548121,450008451,1,37,1
942548120,450008451,1,33,1
942548119,450008451,1,19,1
942548118,450008451,1,45,1
942548117,450008451,1,27,1
942548116,450008451,1,25,1
942548115,450008451,1,55,1
942548114,450008451,1,28,1
942548113,450008451,1,44,1
942548112,450008451,1,41,1
942548111,450008451,1,51,1
942548110,450008451,1,38,1
942548109,450008451,1,42,1
942548108,450008451,1,30,1
942548107,450008451,1,36,1
942548106,450008451,1,26,1
942548105,450008451,1,48,1
942548104,450008451,1,48,1
942548103,450008451,1,24,1
942548102,450008451,1,41,1
942548101,450008451,1,53,1
942548100,450008451,1,44,1
942548099,450008451,1,37,1
942548098,450008451,1,55,1
942548097,450008451,1,32,1
942548096,450008451,1,24,1
942548095,450008451,1,30,1
942548094,450008451,1,29,1
942548093,450008451,1,31,1
942548092,450008451,1,39,1
942548091,450008451,1,29,1
942548090,450008451,1,36,1
942548089,450008451,1,59,1
942548088,450008451,1,35,1
942548087,450008451,1,36,1
942548086,450008451,1,29,1
942548085,450008451,1,40,1
942548084,450008451,1,45,1
942548083,450008451,1,49,1
942548082,450008451,1,52,1
942548081,450008451,1,39,1
942548080,450008451,1,23,1
942548079,450008451,1,50,1
942548078,450008451,1,46,1
942548077,450008451,1,27,1
942548076,450008451,1,48,1
942548075,450008451,1,24,1
942548074,450008451,1,31,1
942548073,450008451,1,26,1
942548072,450008451,1,32,1
942548071,450008451,1,37,1
942548070,450008451,1,24,1
942548069,450008451,1,41,1
942548068,450008451,1,26,1
942548067,450008451,1,58,1
942548066,450008451,1,27,1
942548065,450008451,1,38,1
942548064,450008451,1,44,1
942548063,450008451,1,34,1
942548062,450008451,1,32,1
942548061,450008451,1,27,1
942548060,450008451,1,36,1
942548059,450008451,1,53,1
942548058,450008451,1,35,1
942548057,450008451,1,36,1
942548056,450008451,1,40,1
942548055,450008451,1,56,1
942548054,450008451,1,36,1
942548053,450008451,1,24,1
942548052,450008451,1,22,1
942548051,450008451,1,29,1
942548050,450008451,1,28,1
942548049,450008451,1,31,1
942548048,450008451,1,52,1
942548047,450008451,1,26,1
942548046,450008451,1,58,1
942548045,450008451,1,28,1
942548044,450008451,1,64,1
942548043,450008451,1,39,1
942548042,450008451,1,44,1
942548041,450008451,1,31,1
942548040,450008451,1,33,1
942548039,450008451,1,43,1
942548038,450008451,1,25,1
942548037,450008451,1,25,1
942548036,450008451,1,43,1
942548035,450008451,1,47,1
942548034,450008451,1,24,1
942548033,450008451,1,21,1
942548032,450008451,1,50,1
942548031,450008451,1,35,1
942548030,450008451,1,43,1
942548029,450008451,1,46,1
942548028,450008451,1,36,1
942548027,450008451,1,40,1
942548026,450008451,1,29,1
942548025,450008451,1,34,1
942548024,450008451,1,35,1
942548023,450008451,1,49,1
942548022,450008451,1,49,1
942548021,450008451,1,53,1
942548020,450008451,1,44,1
942548019,450008451,1,28,1
942548018,450008451,1,64,1
942548017,450008451,1,22,1
942548016,450008451,1,27,1
942548015,450008451,1,32,1
942548014,450008451,1,35,1
942548013,450008451,1,24,1
942548012,450008451,1,43,1
942548011,450008451,1,37,1
942548010,450008451,1,46,1
942548009,450008451,1,40,1
942548008,450008451,1,29,1
942548007,450008451,1,23,1
942548006,450008451,1,24,1
942548005,450008451,1,32,1
942548004,450008451,1,53,1
942548003,450008451,1,31,1
942548002,450008451,1,59,1
942548001,450008451,1,35,1
942548000,450008451,1,45,1
942547999,450008451,1,42,1
942547998,450008451,1,48,1
942547997,450008451,1,23,1
942547996,450008451,1,30,1
942547995,450008451,1,55,1
942547994,450008451,1,31,1
942547993,450008451,1,30,1
942547992,450008451,1,41,1
942547991,450008451,1,37,1
942547990,450008451,1,45,1
942547989,450008451,1,19,1
942547988,450008451,1,23,1
942547987,450008451,1,43,1
942547986,450008451,1,46,1
942547985,450008451,1,30,1
942547984,450008451,1,26,1
942547983,450008451,1,23,1
942547982,450008451,1,48,1
942547981,450008451,1,39,1
942547980,450008451,1,47,1
942547979,450008451,1,40,1
942547978,450008451,1,24,1
942547977,450008451,1,29,1
942547976,450008451,1,26,1
942547975,450008451,1,36,1
942547974,450008451,1,27,1
942547973,450008451,1,31,1
942547972,450008451,1,25,1
942547971,450008451,1,38,1
942547970,450008451,1,42,1
942547969,450008451,1,31,1
942547968,450008451,1,20,1
942547967,450008451,1,42,1
942547966,450008451,1,33,1
942547965,450008451,1,34,1
942547964,450008451,1,41,1
942547963,450008451,1,26,1
942547962,450008451,1,28,1
942547961,450008451,1,56,1
942547960,450008451,1,56,1
942547959,450008451,1,37,1
942547958,450008451,1,24,1
942547957,450008451,1,33,1
942547956,450008451,1,33,1
942547955,450008451,1,45,1
942547954,450008451,1,59,1
942547953,450008451,1,39,1
942548688,450008451,1,44,1
942548689,450008451,1,56,1
942548690,450008451,1,58,1
942548691,450008451,1,22,1
942548692,450008451,1,41,1
942548693,450008451,1,46,1
942548694,450008451,1,51,1
942548695,450008451,1,25,1
942548696,450008451,1,31,1
942548697,450008451,1,40,1
942548698,450008451,1,23,1
942548699,450008451,1,45,1
942548700,450008451,1,32,1
942548701,450008451,1,37,1
942548702,450008451,1,36,1
942548703,450008451,1,44,1
942548704,450008451,1,28,1
942548705,450008451,1,51,1
942548706,450008451,1,29,1
942548707,450008451,1,32,1
942548708,450008451,1,51,1
942548709,450008451,1,39,1
942548710,450008451,1,30,1
942548711,450008451,1,20,1
942548712,450008451,1,30,1
942548713,450008451,1,33,1
942548714,450008451,1,27,1
942548715,450008451,1,29,1
942548716,450008451,1,36,1
942548717,450008451,1,25,1
942548718,450008451,1,27,1
942548719,450008451,1,20,1
942548720,450008451,1,30,1
942548721,450008451,1,24,1
942548722,450008451,1,22,1
942548723,450008451,1,28,1
942548724,450008451,1,43,1
942548725,450008451,1,59,1
942548726,450008451,1,42,1
942548727,450008451,1,42,1
942548728,450008451,1,41,1
942548729,450008451,1,39,1
942548730,450008451,1,50,1
942548731,450008451,1,53,1
942548732,450008451,1,41,1
942548733,450008451,1,35,1
942548734,450008451,1,25,1
942548735,450008451,1,47,1
942548736,450008451,1,24,1
942548737,450008451,1,35,1
942548738,450008451,1,34,1
942548739,450008451,1,32,1
942548740,450008451,1,29,1
942548741,450008451,1,55,1
942548742,450008451,1,19,1
942548743,450008451,1,40,1
942548744,450008451,1,32,1
942548745,450008451,1,24,1
942548746,450008451,1,25,1
942548747,450008451,1,25,1
942548748,450008451,1,45,1
942548749,450008451,1,38,1
942548750,450008451,1,60,1
942548751,450008451,1,35,1
942548752,450008451,1,29,1
942548753,450008451,1,53,1
942548754,450008451,1,20,1
942548755,450008451,1,26,1
942548756,450008451,1,18,1
942548757,450008451,1,27,1
942548758,450008451,1,20,1
942548759,450008451,1,53,1
942548760,450008451,1,29,1
942548761,450008451,1,23,1
942548762,450008451,1,46,1
942548763,450008451,1,50,1
942548764,450008451,1,44,1
942548765,450008451,1,19,1
942548766,450008451,1,19,1
942548767,450008451,1,34,1
942548768,450008451,1,29,1
942548769,450008451,1,38,1
942548770,450008451,1,25,1
942548771,450008451,1,42,1
942548772,450008451,1,29,1
942548773,450008451,1,18,1
942548774,450008451,1,40,1
942548775,450008451,1,20,1
942548776,450008451,1,36,1
942548777,450008451,1,26,1
942548778,450008451,1,43,1
942548779,450008451,1,20,1
942548780,450008451,1,54,1
942548781,450008451,1,46,1
942548782,450008451,1,41,1
942548783,450008451,1,48,1
942548784,450008451,1,51,1
942548785,450008451,1,32,1
942548786,450008451,1,46,1
942548787,450008451,1,27,1
942548788,450008451,1,21,1
942548789,450008451,1,33,1
942548790,450008451,1,50,1
942548791,450008451,1,22,1
942548792,450008451,1,50,1
942548793,450008451,1,26,1
942548794,450008451,1,18,1
942548795,450008451,1,23,1
942548796,450008451,1,30,1
942548797,450008451,1,30,1
942548798,450008451,1,34,1
942548799,450008451,1,28,1
942548800,450008451,1,47,1
942548801,450008451,1,41,1
942548802,450008451,1,48,1
942548803,450008451,1,32,1
942548804,450008451,1,43,1
942548805,450008451,1,50,1
942548806,450008451,1,40,1
942548807,450008451,1,42,1
942548808,450008451,1,25,1
942548809,450008451,1,44,1
942548810,450008451,1,39,1
942548811,450008451,1,46,1
942548812,450008451,1,39,1
942548813,450008451,1,29,1
942548814,450008451,1,26,1
942548815,450008451,1,48,1
942548816,450008451,1,56,1
942548817,450008451,1,43,1
942548818,450008451,1,29,1
942548819,450008451,1,45,1
942548820,450008451,1,26,1
942548821,450008451,1,21,1
942548822,450008451,1,31,1
942548823,450008451,1,45,1
942548824,450008451,1,18,1
942548825,450008451,1,39,1
942548826,450008451,1,26,1
942548827,450008451,1,25,1
942548828,450008451,1,39,1
942548829,450008451,1,31,1
942548830,450008451,1,49,1
942548831,450008451,1,49,1
942548832,450008451,1,38,1
942548833,450008451,1,31,1
942548834,450008451,1,23,1
942548835,450008451,1,44,1
942548836,450008451,1,46,1
942548837,450008451,1,47,1
942548838,450008451,1,57,1
942548839,450008451,1,26,1
942548840,450008451,1,26,1
942548841,450008451,1,57,1
942548842,450008451,1,39,1
942548843,450008451,1,35,1
942548844,450008451,1,25,1
942548845,450008451,1,42,1
942548846,450008451,1,29,1
942548847,450008451,1,37,1
942548848,450008451,1,36,1
942548849,450008451,1,53,1
942548850,450008451,1,42,1
942548851,450008451,1,37,1
942548852,450008451,1,25,1
942548853,450008451,1,36,1
942548854,450008451,1,44,1
942548855,450008451,1,41,1
942548856,450008451,1,30,1
942548857,450008451,1,37,1
942548858,450008451,1,27,1
942548859,450008451,1,23,1
942548860,450008451,1,27,1
942548861,450008451,1,31,1
942548862,450008451,1,32,1
942548863,450008451,1,38,1
942548864,450008451,1,44,1
942548865,450008451,1,30,1
942548866,450008451,1,41,1
942548867,450008451,1,42,1
942548868,450008451,1,29,1
942548869,450008451,1,28,1
942548870,450008451,1,20,1
942548871,450008451,1,26,1
942548872,450008451,1,37,1
942548873,450008451,1,40,1
942548874,450008451,1,35,1
942548875,450008451,1,36,1
942548876,450008451,1,53,1
942548877,450008451,1,25,1
942548878,450008451,1,44,1
942548879,450008451,1,43,1
942548880,450008451,1,26,1
942548881,450008451,1,60,1
942548882,450008451,1,31,1
942548883,450008451,1,42,1
942548884,450008451,1,39,1
942548885,450008451,1,27,1
942548886,450008451,1,21,1
942548887,450008451,1,20,1
942548888,450008451,1,32,1
942548889,450008451,1,43,1
942548890,450008451,1,22,1
942548891,450008451,1,40,1
942548892,450008451,1,38,1
942548893,450008451,1,40,1
942548894,450008451,1,24,1
942548895,450008451,1,22,1
942548896,450008451,1,26,1
942548897,450008451,1,36,1
942548898,450008451,1,28,1
942548899,450008451,1,54,1
942548900,450008451,1,20,1
942548901,450008451,1,48,1
942548902,450008451,1,34,1
942548903,450008451,1,51,1
942548904,450008451,1,25,1
942548905,450008451,1,40,1
942548906,450008451,1,41,1
942548907,450008451,1,34,1
942548908,450008451,1,20,1
942548909,450008451,1,27,1
942548910,450008451,1,24,1
942548911,450008451,1,25,1
942548912,450008451,1,35,1
942548913,450008451,1,53,1
942548914,450008451,1,48,1
942548915,450008451,1,30,1
942548916,450008451,1,39,1
942548917,450008451,1,20,1
942548918,450008451,1,24,1
942548919,450008451,1,49,1
942548920,450008451,1,57,1
942548921,450008451,1,29,1
942548922,450008451,1,25,1
942548923,450008451,1,47,1
942548924,450008451,1,21,1
942548925,450008451,1,37,1
942548926,450008451,1,36,1
942548927,450008451,1,43,1
942548928,450008451,1,40,1
942548929,450008451,1,26,1
942548930,450008451,1,20,1
942548931,450008451,1,27,1
942548932,450008451,1,32,1
942547805,450008451,1,22,1
942547806,450008451,1,23,1
942547807,450008451,1,25,1
942547808,450008451,1,59,1
942547809,450008451,1,41,1
942547810,450008451,1,37,1
942547811,450008451,1,44,1
942547812,450008451,1,47,1
942547813,450008451,1,31,1
942547814,450008451,1,26,1
942547815,450008451,1,37,1
942547816,450008451,1,52,1
942547817,450008451,1,48,1
942547818,450008451,1,28,1
942547819,450008451,1,44,1
942547820,450008451,1,39,1
942547821,450008451,1,35,1
942547822,450008451,1,39,1
942547823,450008451,1,43,1
942547824,450008451,1,41,1
942547825,450008451,1,39,1
942547826,450008451,1,37,1
942547827,450008451,1,31,1
942547828,450008451,1,20,1
942547829,450008451,1,34,1
942547830,450008451,1,40,1
942547831,450008451,1,37,1
942547832,450008451,1,44,1
942547833,450008451,1,32,1
942547834,450008451,1,18,1
942547835,450008451,1,58,1
942547836,450008451,1,27,1
942547837,450008451,1,40,1
942547838,450008451,1,48,1
942547839,450008451,1,30,1
942547840,450008451,1,34,1
942547841,450008451,1,52,1
942547842,450008451,1,42,1
942547843,450008451,1,24,1
942547844,450008451,1,25,1
942547845,450008451,1,40,1
942547846,450008451,1,45,1
942547847,450008451,1,34,1
942547848,450008451,1,50,1
942547849,450008451,1,43,1
942547850,450008451,1,41,1
942547851,450008451,1,29,1
942547852,450008451,1,27,1
942547853,450008451,1,23,1
942547854,450008451,1,28,1
942547855,450008451,1,45,1
942547856,450008451,1,47,1
942547857,450008451,1,39,1
942547858,450008451,1,24,1
942547859,450008451,1,58,1
942547860,450008451,1,34,1
942547861,450008451,1,33,1
942547862,450008451,1,22,1
942547863,450008451,1,45,1
942547864,450008451,1,24,1
942547865,450008451,1,30,1
942547866,450008451,1,41,1
942547867,450008451,1,24,1
942547868,450008451,1,30,1
942547869,450008451,1,22,1
942547870,450008451,1,52,1
942547871,450008451,1,48,1
942547872,450008451,1,31,1
942547873,450008451,1,41,1
942547874,450008451,1,34,1
942547875,450008451,1,33,1
942547876,450008451,1,40,1
942547877,450008451,1,52,1
942547878,450008451,1,40,1
942547879,450008451,1,39,1
942547880,450008451,1,30,1
942547881,450008451,1,35,1
942547882,450008451,1,42,1
942547883,450008451,1,22,1
942547884,450008451,1,55,1
942547885,450008451,1,34,1
942547886,450008451,1,26,1
942547887,450008451,1,43,1
942547888,450008451,1,41,1
942547889,450008451,1,30,1
942547890,450008451,1,25,1
942547891,450008451,1,47,1
942548933,450008451,1,42,1
942548934,450008451,1,21,1
942548935,450008451,1,38,1
942548936,450008451,1,49,1
942548937,450008451,1,43,1
942548938,450008451,1,31,1
942548939,450008451,1,36,1
942548940,450008451,1,30,1
942548941,450008451,1,36,1
942548942,450008451,1,55,1
942548943,450008451,1,49,1
942548944,450008451,1,51,1
942548945,450008451,1,27,1
942548946,450008451,1,43,1
942548947,450008451,1,32,1
942548948,450008451,1,43,1
942548949,450008451,1,41,1
942548950,450008451,1,31,1
942548951,450008451,1,27,1
942548952,450008451,1,52,1
942548953,450008451,1,55,1
942548954,450008451,1,37,1
942548955,450008451,1,31,1
942548956,450008451,1,49,1
942548957,450008451,1,26,1
942548958,450008451,1,27,1
942548959,450008451,1,37,1
942548960,450008451,1,29,1
942548961,450008451,1,54,1
942548962,450008451,1,24,1
942548963,450008451,1,50,1
942548964,450008451,1,34,1
942548965,450008451,1,57,1
942548966,450008451,1,48,1
942548967,450008451,1,21,1
942548968,450008451,1,34,1
942548969,450008451,1,26,1
942548970,450008451,1,31,1
942548971,450008451,1,28,1
942548972,450008451,1,39,1
942548973,450008451,1,62,1
942548974,450008451,1,23,1
942548975,450008451,1,21,1
942548976,450008451,1,39,1
942548977,450008451,1,21,1
942548978,450008451,1,26,1
942548979,450008451,1,36,1
942548980,450008451,1,49,1
942548981,450008451,1,34,1
942548982,450008451,1,40,1
942548983,450008451,1,44,1
942548984,450008451,1,34,1
942548985,450008451,1,55,1
942548986,450008451,1,39,1
942548987,450008451,1,49,1
942548988,450008451,1,48,1
942548989,450008451,1,20,1
942548990,450008451,1,39,1
942548991,450008451,1,27,1
942548992,450008451,1,46,1
942548993,450008451,1,32,1
942548994,450008451,1,20,1
942548995,450008451,1,23,1
942548996,450008451,1,38,1
942548997,450008451,1,37,1
942548998,450008451,1,35,1
942548999,450008451,1,28,1
942549000,450008451,1,27,1
942549001,450008451,1,59,1
942549002,450008451,1,34,1
942549003,450008451,1,28,1
942549004,450008451,1,29,1
942549005,450008451,1,53,1
942549006,450008451,1,42,1
942549007,450008451,1,46,1
942549008,450008451,1,28,1
942549009,450008451,1,25,1
942549010,450008451,1,21,1
942549011,450008451,1,44,1
942549012,450008451,1,51,1
942549013,450008451,1,37,1
942549014,450008451,1,39,1
942549015,450008451,1,25,1
942549016,450008451,1,64,1
942549017,450008451,1,28,1
942549018,450008451,1,61,1
942549019,450008451,1,42,1
942549020,450008451,1,46,1
942549021,450008451,1,29,1
942549022,450008451,1,44,1
942549023,450008451,1,45,1
942549024,450008451,1,41,1
942549025,450008451,1,44,1
942549026,450008451,1,58,1
942549027,450008451,1,38,1
942549028,450008451,1,23,1
942549029,450008451,1,29,1
942549030,450008451,1,41,1
942549031,450008451,1,46,1
942549032,450008451,1,40,1
942549033,450008451,1,35,1
942549034,450008451,1,27,1
942549035,450008451,1,38,1
942549036,450008451,1,52,1
942549037,450008451,1,23,1
942549038,450008451,1,58,1
942549039,450008451,1,28,1
942549040,450008451,1,52,1
942549041,450008451,1,31,1
942549042,450008451,1,33,1
942547892,450008451,1,44,1
942547893,450008451,1,34,1
942547894,450008451,1,20,1
942547895,450008451,1,42,1
942547896,450008451,1,24,1
942547897,450008451,1,37,1
942547898,450008451,1,26,1
942547899,450008451,1,30,1
942547900,450008451,1,25,1
942547901,450008451,1,22,1
942547902,450008451,1,45,1
942547903,450008451,1,57,1
942547904,450008451,1,43,1
942547905,450008451,1,48,1
942547906,450008451,1,28,1
942547907,450008451,1,25,1
942547908,450008451,1,36,1
942547909,450008451,1,33,1
942547910,450008451,1,24,1
942547911,450008451,1,21,1
942547912,450008451,1,46,1
942547913,450008451,1,43,1
942547914,450008451,1,31,1
942547915,450008451,1,36,1
942547916,450008451,1,27,1
942547917,450008451,1,51,1
942547918,450008451,1,56,1
942547919,450008451,1,49,1
942547920,450008451,1,49,1
942547921,450008451,1,28,1
942547922,450008451,1,32,1
942547923,450008451,1,42,1
942547924,450008451,1,34,1
942549043,450008451,1,34,1
942549044,450008451,1,27,1
942549045,450008451,1,42,1
942549046,450008451,1,47,1
942549047,450008451,1,20,1
942549048,450008451,1,37,1
942549049,450008451,1,38,1
942549050,450008451,1,21,1
942547925,450008451,1,51,1
942547926,450008451,1,48,1
942547927,450008451,1,32,1
942547928,450008451,1,30,1
942547929,450008451,1,43,1
942547930,450008451,1,59,1
942547931,450008451,1,24,1
942547932,450008451,1,25,1
942547933,450008451,1,28,1
942547934,450008451,1,48,1
942547935,450008451,1,20,1
942547936,450008451,1,21,1
942547937,450008451,1,23,1
942547938,450008451,1,43,1
942547939,450008451,1,30,1
942547940,450008451,1,46,1
942547941,450008451,1,27,1
942547942,450008451,1,45,1
942547943,450008451,1,44,1
942547944,450008451,1,26,1
942547945,450008451,1,48,1
942547946,450008451,1,29,1
942547947,450008451,1,20,1
942547948,450008451,1,32,1
942547949,450008451,1,30,1
942547950,450008451,1,22,1
942547951,450008451,1,45,1
942547952,450008451,1,39,1
942549051,450008451,1,29,1
942549052,450008451,1,47,1
942549053,450008451,1,36,1
942549054,450008451,1,24,1
942549055,450008451,1,29,1
942549056,450008451,1,54,1
942549057,450008451,1,52,1
942549058,450008451,1,46,1
942549059,450008451,1,35,1
942549060,450008451,1,30,1
942549061,450008451,1,53,1
942549062,450008451,1,43,1
942549063,450008451,1,40,1
942549064,450008451,1,50,1
942549065,450008451,1,57,1
942549066,450008451,1,40,1
942549067,450008451,1,39,1
942549068,450008451,1,49,1
942549069,450008451,1,38,1
942549070,450008451,1,46,1
942549071,450008451,1,44,1
942549072,450008451,1,34,1
942549073,450008451,1,49,1
942549074,450008451,1,36,1
942549075,450008451,1,31,1
942549076,450008451,1,25,1
942549077,450008451,1,36,1
942549078,450008451,1,32,1
942549079,450008451,1,39,1
942549080,450008451,1,44,1
942549081,450008451,1,47,1
942549082,450008451,1,21,1
942549083,450008451,1,23,1
942549084,450008451,1,42,1
942549085,450008451,1,43,1
942549086,450008451,1,22,1
942549087,450008451,1,37,1
942549088,450008451,1,42,1
942549089,450008451,1,27,1
942549090,450008451,1,27,1
942549091,450008451,1,38,1
942549092,450008451,1,33,1
942549093,450008451,1,24,1
942549094,450008451,1,40,1
942549095,450008451,1,27,1
942549096,450008451,1,54,1
942549097,450008451,1,46,1
942549098,450008451,1,30,1
942549099,450008451,1,41,1
942549100,450008451,1,42,1
942549101,450008451,1,33,1
942549102,450008451,1,40,1
942549103,450008451,1,25,1
942549104,450008451,1,31,1
942549105,450008451,1,25,1
942549106,450008451,1,30,1
942549107,450008451,1,22,1
942549108,450008451,1,33,1
942549109,450008451,1,40,1
942549110,450008451,1,29,1
942549111,450008451,1,38,1
942549112,450008451,1,25,1
942549113,450008451,1,33,1
942549114,450008451,1,28,1
942549115,450008451,1,34,1
942549116,450008451,1,49,1
942549117,450008451,1,52,1
942549118,450008451,1,25,1
942549119,450008451,1,25,1
942549120,450008451,1,33,1
942549121,450008451,1,39,1
942549122,450008451,1,24,1
942549123,450008451,1,33,1
942549124,450008451,1,33,1
942549125,450008451,1,43,1
942549126,450008451,1,29,1
942549127,450008451,1,51,1
942549128,450008451,1,58,1
942549129,450008451,1,25,1
942549130,450008451,1,46,1
942549131,450008451,1,53,1
942549132,450008451,1,33,1
942549133,450008451,1,43,1
942549134,450008451,1,26,1
942549135,450008451,1,40,1
942549136,450008451,1,38,1
942549137,450008451,1,29,1
942549138,450008451,1,43,1
942549139,450008451,1,32,1
942549140,450008451,1,46,1
942549141,450008451,1,34,1
942549142,450008451,1,29,1
942549143,450008451,1,35,1
942549144,450008451,1,51,1
942549145,450008451,1,29,1
942549146,450008451,1,56,1
942549147,450008451,1,23,1
942549148,450008451,1,30,1
942549149,450008451,1,39,1
942549150,450008451,1,29,1
942549151,450008451,1,47,1
942549152,450008451,1,33,1
942549153,450008451,1,22,1
942549154,450008451,1,38,1
942549155,450008451,1,41,1
942549156,450008451,1,47,1
942549157,450008451,1,63,1
942549158,450008451,1,21,1
942549159,450008451,1,52,1
942549160,450008451,1,20,1
942549161,450008451,1,39,1
942549162,450008451,1,36,1
942549163,450008451,1,42,1
942549164,450008451,1,38,1
942549165,450008451,1,24,1
942549166,450008451,1,47,1
942549167,450008451,1,27,1
942549168,450008451,1,27,1
942549169,450008451,1,31,1
942549170,450008451,1,34,1
942549171,450008451,1,26,1
942549172,450008451,1,35,1
942549173,450008451,1,34,1
942549174,450008451,1,21,1
942549175,450008451,1,34,1
942549176,450008451,1,36,1
942549177,450008451,1,37,1
942549178,450008451,1,36,1
942549179,450008451,1,46,1
942549180,450008451,1,34,1
942549181,450008451,1,29,1
942549182,450008451,1,29,1
942549183,450008451,1,40,1
942549184,450008451,1,21,1
942549185,450008451,1,50,1
942549186,450008451,1,30,1
942549187,450008451,1,47,1
942549188,450008451,1,34,1
942549189,450008451,1,28,1
942549190,450008451,1,44,1
942549191,450008451,1,24,1
942549192,450008451,1,50,1
942549193,450008451,1,37,1
942549194,450008451,1,30,1
942549195,450008451,1,35,1
942549196,450008451,1,46,1
942549197,450008451,1,60,1
942549198,450008451,1,27,1
942549199,450008451,1,38,1
942549200,450008451,1,24,1
942549201,450008451,1,26,1
942548687,450008451,1,45,1
942548686,450008451,1,23,1
942548685,450008451,1,47,1
942548684,450008451,1,30,1
942548683,450008451,1,45,1
942548682,450008451,1,48,1
942548681,450008451,1,33,1
942548680,450008451,1,23,1
942548679,450008451,1,39,1
942548678,450008451,1,43,1
942548677,450008451,1,20,1
942548676,450008451,1,46,1
942548675,450008451,1,21,1
942548674,450008451,1,45,1
942548673,450008451,1,29,1
942548672,450008451,1,33,1
942548671,450008451,1,45,1
942548670,450008451,1,24,1
942548669,450008451,1,26,1
942548668,450008451,1,31,1
942548667,450008451,1,47,1
942548666,450008451,1,42,1
942548665,450008451,1,27,1
942548664,450008451,1,28,1
942548663,450008451,1,31,1
942548662,450008451,1,23,1
942548661,450008451,1,26,1
942548660,450008451,1,43,1
942548659,450008451,1,23,1
942548658,450008451,1,48,1
942548657,450008451,1,44,1
942548656,450008451,1,37,1
942548655,450008451,1,36,1
942548654,450008451,1,41,1
942548653,450008451,1,27,1
942548652,450008451,1,34,1
942548651,450008451,1,27,1
942548650,450008451,1,39,1
942548649,450008451,1,42,1
942548648,450008451,1,33,1
942548647,450008451,1,38,1
942548646,450008451,1,20,1
942548645,450008451,1,27,1
942548644,450008451,1,52,1
942548643,450008451,1,45,1
942548642,450008451,1,44,1
942548641,450008451,1,41,1
942548640,450008451,1,41,1
942548639,450008451,1,57,1
942548638,450008451,1,28,1
942548637,450008451,1,29,1
942548636,450008451,1,48,1
942548635,450008451,1,33,1
942548634,450008451,1,23,1
942548633,450008451,1,48,1
942548632,450008451,1,37,1
942548631,450008451,1,52,1
942548630,450008451,1,35,1
942548629,450008451,1,36,1
942548628,450008451,1,29,1
942548627,450008451,1,37,1
942548626,450008451,1,22,1
942548625,450008451,1,37,1
942548624,450008451,1,22,1
942548623,450008451,1,26,1
942548622,450008451,1,58,1
942548621,450008451,1,26,1
942548620,450008451,1,26,1
942548619,450008451,1,21,1
942548618,450008451,1,32,1
942548617,450008451,1,25,1
942549202,450008451,1,32,1
942549203,450008451,1,21,1
942549204,450008451,1,38,1
942549205,450008451,1,53,1
942549206,450008451,1,55,1
942549207,450008451,1,21,1
942549208,450008451,1,21,1
942549209,450008451,1,61,1
942549210,450008451,1,25,1
942549211,450008451,1,28,1
942549212,450008451,1,45,1
942549213,450008451,1,44,1
942549214,450008451,1,25,1
942549215,450008451,1,28,1
942549216,450008451,1,48,1
942549217,450008451,1,27,1
942549218,450008451,1,54,1
942549219,450008451,1,23,1
942549220,450008451,1,36,1
942549221,450008451,1,53,1
942549222,450008451,1,29,1
942549223,450008451,1,42,1
942549224,450008451,1,31,1
942549225,450008451,1,29,1
942549226,450008451,1,31,1
942549227,450008451,1,28,1
942549228,450008451,1,21,1
942549229,450008451,1,40,1
942549230,450008451,1,39,1
942549231,450008451,1,33,1
942549232,450008451,1,38,1
942549233,450008451,1,22,1
942549234,450008451,1,20,1
942549235,450008451,1,22,1
942549236,450008451,1,52,1
942549237,450008451,1,26,1
942549238,450008451,1,26,1
942549239,450008451,1,34,1
942549240,450008451,1,24,1
942549241,450008451,1,38,1
942549242,450008451,1,53,1
942549243,450008451,1,27,1
942549244,450008451,1,41,1
942549245,450008451,1,42,1
942549246,450008451,1,54,1
942549247,450008451,1,56,1
942549248,450008451,1,25,1
942549249,450008451,1,30,1
942549250,450008451,1,41,1
942549251,450008451,1,42,1
942549252,450008451,1,32,1
942549253,450008451,1,26,1
942549254,450008451,1,41,1
942549255,450008451,1,35,1
942549256,450008451,1,26,1
942549257,450008451,1,37,1
942549258,450008451,1,34,1
942549259,450008451,1,34,1
942549260,450008451,1,23,1
942549261,450008451,1,26,1
942549262,450008451,1,25,1
942549263,450008451,1,44,1
942549264,450008451,1,24,1
942549265,450008451,1,42,1
942549266,450008451,1,26,1
942549267,450008451,1,27,1
942549268,450008451,1,28,1
942549269,450008451,1,50,1
942549270,450008451,1,47,1
942549271,450008451,1,34,1
942549272,450008451,1,32,1
942549273,450008451,1,53,1
942549274,450008451,1,38,1
942549275,450008451,1,40,1
942549276,450008451,1,44,1
942549277,450008451,1,25,1
942549278,450008451,1,29,1
942549279,450008451,1,37,1
942549280,450008451,1,47,1
942549281,450008451,1,27,1
942549282,450008451,1,20,1
942549283,450008451,1,38,1
942549284,450008451,1,45,1
942549285,450008451,1,36,1
942549286,450008451,1,26,1
942549287,450008451,1,21,1
942549288,450008451,1,41,1
942549289,450008451,1,33,1
942549290,450008451,1,25,1
942549291,450008451,1,33,1
942549292,450008451,1,41,1
942549293,450008451,1,33,1
942549294,450008451,1,48,1
942549295,450008451,1,37,1
942549296,450008451,1,34,1
942549297,450008451,1,22,1
942549298,450008451,1,46,1
942549299,450008451,1,45,1
942549300,450008451,1,26,1
942549301,450008451,1,24,1
942549302,450008451,1,33,1
942549303,450008451,1,43,1
942549304,450008451,1,62,1
942549305,450008451,1,31,1
942549306,450008451,1,23,1
942549307,450008451,1,53,1
942549308,450008451,1,41,1
942549309,450008451,1,44,1
942549310,450008451,1,40,1
942549311,450008451,1,48,1
942549312,450008451,1,31,1
942549313,450008451,1,57,1
942549314,450008451,1,33,1
942549315,450008451,1,34,1
942549316,450008451,1,22,1
942549317,450008451,1,35,1
942549318,450008451,1,58,1
942549319,450008451,1,27,1
942549320,450008451,1,34,1
942549321,450008451,1,35,1
942549322,450008451,1,38,1
942549323,450008451,1,43,1
942549324,450008451,1,39,1
942549325,450008451,1,55,1
942549326,450008451,1,64,1
942549327,450008451,1,45,1
942549328,450008451,1,25,1
942549329,450008451,1,23,1
942549330,450008451,1,34,1
942549331,450008451,1,50,1
942549332,450008451,1,28,1
942549333,450008451,1,59,1
942549334,450008451,1,26,1
942549335,450008451,1,38,1
942549336,450008451,1,28,1
942549337,450008451,1,43,1
942549338,450008451,1,32,1
942549339,450008451,1,29,1
942549340,450008451,1,44,1
942549341,450008451,1,33,1
942549342,450008451,1,39,1
942549343,450008451,1,24,1
942549344,450008451,1,49,1
942549345,450008451,1,29,1
942549346,450008451,1,28,1
942549347,450008451,1,31,1
942549348,450008451,1,47,1
942549349,450008451,1,31,1
942549350,450008451,1,25,1
942549351,450008451,1,40,1
942549352,450008451,1,18,1
942549353,450008451,1,49,1
942549354,450008451,1,40,1
942549355,450008451,1,44,1
942549356,450008451,1,25,1
942549357,450008451,1,40,1
942549358,450008451,1,37,1
942549359,450008451,1,28,1
942549360,450008451,1,48,1
942549361,450008451,1,43,1
942549362,450008451,1,31,1
942549363,450008451,1,53,1
942549364,450008451,1,46,1
942549365,450008451,1,51,1
942549366,450008451,1,39,1
942549367,450008451,1,26,1
942549368,450008451,1,34,1
942549369,450008451,1,31,1
942549370,450008451,1,43,1
942549371,450008451,1,28,1
942549372,450008451,1,32,1
942549373,450008451,1,23,1
942549374,450008451,1,20,1
942549375,450008451,1,38,1
942549376,450008451,1,20,1
942549377,450008451,1,34,1
942549378,450008451,1,38,1
942549379,450008451,1,33,1
942549380,450008451,1,48,1
942549381,450008451,1,18,1
942549382,450008451,1,30,1
942549383,450008451,1,34,1
942549384,450008451,1,59,1
942549385,450008451,1,45,1
942549386,450008451,1,43,1
942549387,450008451,1,28,1
942549388,450008451,1,40,1
942549389,450008451,1,26,1
942549390,450008451,1,29,1
942549391,450008451,1,59,1
942549392,450008451,1,22,1
942549393,450008451,1,47,1
942549394,450008451,1,27,1
942549395,450008451,1,44,1
942549396,450008451,1,30,1
942549397,450008451,1,32,1
942549398,450008451,1,25,1
942549399,450008451,1,46,1
942549400,450008451,1,49,1
942549401,450008451,1,31,1
942549402,450008451,1,23,1
942549403,450008451,1,28,1
942549404,450008451,1,33,1
942549405,450008451,1,39,1
942549406,450008451,1,58,1
942549407,450008451,1,44,1
942549408,450008451,1,35,1
942549409,450008451,1,44,1
942549410,450008451,1,58,1
942549411,450008451,1,44,1
942549412,450008451,1,62,1
942549413,450008451,1,23,1
942549414,450008451,1,30,1
942549415,450008451,1,57,1
942549416,450008451,1,26,1
942549417,450008451,1,48,1
942549418,450008451,1,40,1
942549419,450008451,1,23,1
940214075,450046459,1,89,2
940214074,450046459,1,86,2
940214073,450046459,1,76,2
940214065,450046459,1,99,2
940754216,450046459,1,81,1
940754215,450046459,1,90,1
940754214,450046459,1,71,1
940754213,450046459,1,68,1
940754212,450046459,1,85,1
940754211,450046459,1,70,1
940214080,450046459,1,83,2
940214072,450046459,1,95,2
940214071,450046459,1,87,2
940214070,450046459,1,81,2
940214069,450046459,1,83,2
940214079,450046459,1,89,2
940214078,450046459,1,89,2
940214077,450046459,1,78,2
940214076,450046459,1,86,2
940214068,450046459,1,84,2
940214067,450046459,1,89,2
940214066,450046459,1,84,2
940214174,450046458,1,99,2
940214176,450046458,1,65,2
940214175,450046458,1,79,2
940214180,450046458,1,85,2
940214179,450046458,1,70,2
940214178,450046458,1,89,2
940214177,450046458,1,78,2
939849059,450036336,1,95,2
939849058,450036336,1,75,2
939849057,450036336,1,65,2
939849056,450036336,1,97,2
939849055,450036336,1,86,2
939849054,450036336,1,87,2
939849053,450036336,1,84,2
939849052,450036336,1,78,2
940607055,450036336,1,103,1
939849050,450036336,1,80,2
939849049,450036336,1,92,2
939849048,450036336,1,79,2
939849047,450036336,1,88,2
939849046,450036336,1,65,2
939849045,450036336,1,73,2
939849051,450036336,1,75,2
940607054,450036336,1,85,1
940607053,450036336,1,76,1
940607052,450036336,1,85,1
940607051,450036336,1,79,1
940607050,450036336,1,96,1
940607049,450036336,1,74,1
939849080,450036336,1,86,2
939849079,450036336,1,80,2
939849078,450036336,1,83,2
939849077,450036336,1,93,2
939849076,450036336,1,77,2
939849075,450036336,1,85,2
939849074,450036336,1,84,2
939849073,450036336,1,82,2
939354026,450036336,1,20,2
939849072,450036336,1,78,2
939849071,450036336,1,69,2
939849070,450036336,1,89,2
939849069,450036336,1,78,2
939849068,450036336,1,90,2
939849067,450036336,1,100,2
939849066,450036336,1,85,2
939849065,450036336,1,78,2
939849064,450036336,1,93,2
939849063,450036336,1,83,2
939849062,450036336,1,83,2
939849061,450036336,1,95,2
939849060,450036336,1,77,2
939849044,450036336,1,85,2
939849043,450036336,1,88,2
939849042,450036336,1,90,2
939849041,450036336,1,91,2
939849040,450036336,1,92,2
939849039,450036336,1,90,2
939849038,450036336,1,94,2
939849037,450036336,1,89,2
939849036,450036336,1,79,2
940352643,450036336,1,56,1
939849092,450036336,1,74,2
939849091,450036336,1,92,2
940607059,450036336,1,71,1
939849090,450036336,1,90,2
939849089,450036336,1,88,2
939849088,450036336,1,82,2
939849087,450036336,1,77,2
939849086,450036336,1,91,2
939849085,450036336,1,99,2
939849084,450036336,1,85,2
939849083,450036336,1,87,2
939849082,450036336,1,85,2
939849081,450036336,1,85,2
940607058,450036336,1,79,1
940607057,450036336,1,78,1
940607056,450036336,1,88,1
940043063,450041347,1,78,2
940043034,450041347,1,87,2
940043035,450041347,1,103,2
940043036,450041347,1,95,2
940043037,450041347,1,89,2
940043038,450041347,1,86,2
940043039,450041347,1,78,2
940043040,450041347,1,69,2
940043041,450041347,1,75,2
940043042,450041347,1,90,2
940043043,450041347,1,73,2
940043044,450041347,1,76,2
940043045,450041347,1,93,2
940043046,450041347,1,82,2
940043047,450041347,1,77,2
940043048,450041347,1,85,2
940043049,450041347,1,86,2
940043050,450041347,1,66,2
940043051,450041347,1,88,2
940043052,450041347,1,85,2
940043053,450041347,1,97,2
940043054,450041347,1,86,2
940043055,450041347,1,93,2
940043056,450041347,1,70,2
940043057,450041347,1,76,2
940043058,450041347,1,75,2
940043059,450041347,1,96,2
940043060,450041347,1,77,2
940043061,450041347,1,76,2
940043062,450041347,1,86,2
940043033,450041347,1,93,2
940682557,450041347,1,76,1
940682559,450041347,1,89,1
940682560,450041347,1,86,1
940682561,450041347,1,83,1
940682562,450041347,1,75,1
940682563,450041347,1,87,1
940682564,450041347,1,69,1
940682565,450041347,1,73,1
940682566,450041347,1,81,1
939327222,450041347,1,57,2
940682558,450041347,1,93,1
940043008,450041347,1,87,2
940043009,450041347,1,84,2
940043010,450041347,1,80,2
940043011,450041347,1,74,2
940043012,450041347,1,75,2
940043013,450041347,1,79,2
940043014,450041347,1,88,2
940043015,450041347,1,77,2
940043016,450041347,1,96,2
940043017,450041347,1,70,2
940043018,450041347,1,103,2
940043019,450041347,1,75,2
940043020,450041347,1,104,2
940043021,450041347,1,75,2
940043022,450041347,1,84,2
940043023,450041347,1,89,2
940043024,450041347,1,82,2
940043025,450041347,1,80,2
940043026,450041347,1,92,2
940043027,450041347,1,85,2
940043028,450041347,1,75,2
940043029,450041347,1,95,2
940043030,450041347,1,89,2
940043031,450041347,1,83,2
940043032,450041347,1,85,2
940754274,450046460,1,66,1
940214259,450046460,1,87,2
940214260,450046460,1,88,2
940214230,450046460,1,78,2
940214229,450046460,1,89,2
940214228,450046460,1,89,2
940214227,450046460,1,87,2
940214251,450046460,1,71,2
940214243,450046460,1,85,2
940214244,450046460,1,93,2
940214216,450046460,1,87,2
940214245,450046460,1,83,2
939302279,450046460,1,55,2
940214226,450046460,1,87,2
940214248,450046460,1,93,2
940214231,450046460,1,76,2
940409377,450046460,1,47,1
940214253,450046460,1,94,2
940214252,450046460,1,90,2
940214225,450046460,1,88,2
940214224,450046460,1,86,2
940214223,450046460,1,82,2
940214222,450046460,1,91,2
940214221,450046460,1,96,2
940214258,450046460,1,87,2
940214257,450046460,1,90,2
940214256,450046460,1,95,2
940214255,450046460,1,89,2
940214254,450046460,1,71,2
940214250,450046460,1,93,2
940214249,450046460,1,90,2
940214247,450046460,1,89,2
940214246,450046460,1,81,2
940214218,450046460,1,68,2
940214217,450046460,1,98,2
940214234,450046460,1,79,2
940214233,450046460,1,86,2
940214232,450046460,1,88,2
940754263,450046460,1,88,1
940754264,450046460,1,79,1
940754265,450046460,1,76,1
940754266,450046460,1,87,1
940754267,450046460,1,79,1
940754268,450046460,1,89,1
940214220,450046460,1,86,2
940214219,450046460,1,74,2
940754269,450046460,1,82,1
940754270,450046460,1,88,1
940754271,450046460,1,94,1
940754272,450046460,1,86,1
940214242,450046460,1,93,2
940214241,450046460,1,88,2
940214240,450046460,1,76,2
940214239,450046460,1,85,2
940214238,450046460,1,93,2
940214237,450046460,1,89,2
940214236,450046460,1,93,2
940214235,450046460,1,89,2
940754273,450046460,1,93,1
940754281,450046461,1,70,1
940214280,450046461,1,75,2
940214281,450046461,1,92,2
940214298,450046461,1,75,2
940214297,450046461,1,94,2
940214296,450046461,1,81,2
940214295,450046461,1,83,2
940214294,450046461,1,102,2
940214293,450046461,1,86,2
940214292,450046461,1,85,2
940409389,450046461,1,35,1
940409390,450046461,1,55,1
940754279,450046461,1,86,1
940754280,450046461,1,87,1
940214279,450046461,1,99,2
940754282,450046461,1,70,1
940754283,450046461,1,69,1
940214282,450046461,1,85,2
940214283,450046461,1,91,2
940214284,450046461,1,84,2
940214285,450046461,1,87,2
940214286,450046461,1,85,2
940214287,450046461,1,82,2
940214288,450046461,1,80,2
940214289,450046461,1,79,2
940214290,450046461,1,75,2
940214291,450046461,1,82,2
939302291,450046461,1,45,2
939302292,450046461,1,64,2
939302296,450046461,1,48,2
939302376,450046461,1,48,2
939302377,450046461,1,58,2
939302378,450046461,1,57,2
940754291,450046461,1,80,1
940754292,450046461,1,76,1
940754284,450046461,1,71,1
940754285,450046461,1,83,1
940754286,450046461,1,88,1
940754287,450046461,1,77,1
940754288,450046461,1,79,1
940754289,450046461,1,80,1
940754290,450046461,1,88,1
940214299,450046461,1,86,2
940214271,450046461,1,88,2
940214272,450046461,1,87,2
940214273,450046461,1,67,2
940214274,450046461,1,80,2
940214275,450046461,1,83,2
940214276,450046461,1,82,2
940214277,450046461,1,85,2
940214278,450046461,1,93,2
942552517,450006298,1,27,1
942552519,450006298,1,42,1
942552520,450006298,1,34,1
942552521,450006298,1,34,1
942552522,450006298,1,43,1
942552523,450006298,1,32,1
942552524,450006298,1,37,1
942552525,450006298,1,40,1
942552526,450006298,1,46,1
942552527,450006298,1,46,1
942552641,450006298,1,44,1
942552640,450006298,1,28,1
942552528,450006298,1,32,1
942552529,450006298,1,38,1
942552530,450006298,1,35,1
942552531,450006298,1,26,1
942552532,450006298,1,35,1
942552533,450006298,1,23,1
942552639,450006298,1,27,1
942552638,450006298,1,33,1
942552637,450006298,1,24,1
942552636,450006298,1,41,1
942552534,450006298,1,54,1
942552535,450006298,1,33,1
942552536,450006298,1,24,1
942552537,450006298,1,34,1
942552538,450006298,1,58,1
942552539,450006298,1,29,1
942552540,450006298,1,25,1
942552541,450006298,1,32,1
942552542,450006298,1,29,1
942552543,450006298,1,35,1
942552544,450006298,1,31,1
942552545,450006298,1,30,1
942552546,450006298,1,51,1
942552547,450006298,1,48,1
942552548,450006298,1,33,1
942552502,450006298,1,18,1
942552501,450006298,1,21,1
942552500,450006298,1,57,1
942552549,450006298,1,39,1
942552550,450006298,1,48,1
942552551,450006298,1,42,1
942552552,450006298,1,40,1
942552553,450006298,1,50,1
942552554,450006298,1,42,1
942552555,450006298,1,40,1
942552556,450006298,1,37,1
942552557,450006298,1,48,1
942552499,450006298,1,51,1
942552498,450006298,1,25,1
942552558,450006298,1,62,1
942552559,450006298,1,42,1
942552560,450006298,1,45,1
942552497,450006298,1,25,1
942552496,450006298,1,33,1
942552495,450006298,1,21,1
942552494,450006298,1,50,1
942552493,450006298,1,55,1
942552492,450006298,1,36,1
942552439,450006298,1,17,1
942552440,450006298,1,17,1
942552441,450006298,1,45,1
942552442,450006298,1,57,1
942552443,450006298,1,55,1
942552444,450006298,1,59,1
942552445,450006298,1,35,1
942552446,450006298,1,36,1
942552561,450006298,1,28,1
942552562,450006298,1,31,1
942552563,450006298,1,44,1
942552447,450006298,1,26,1
942552564,450006298,1,38,1
942552565,450006298,1,47,1
942552566,450006298,1,29,1
942552567,450006298,1,21,1
942552568,450006298,1,25,1
942552569,450006298,1,30,1
942552570,450006298,1,27,1
942552571,450006298,1,37,1
942552572,450006298,1,36,1
942552573,450006298,1,53,1
942552574,450006298,1,34,1
942552575,450006298,1,45,1
942552576,450006298,1,27,1
942552577,450006298,1,40,1
942552578,450006298,1,50,1
942552579,450006298,1,18,1
942552448,450006298,1,45,1
942552449,450006298,1,23,1
942552450,450006298,1,38,1
942552451,450006298,1,36,1
942552452,450006298,1,61,1
942552491,450006298,1,27,1
942552490,450006298,1,28,1
942552489,450006298,1,61,1
942552488,450006298,1,18,1
942552487,450006298,1,20,1
942552486,450006298,1,40,1
942552485,450006298,1,54,1
942552484,450006298,1,23,1
942552483,450006298,1,42,1
942552482,450006298,1,30,1
942552481,450006298,1,32,1
942552480,450006298,1,23,1
942552580,450006298,1,43,1
942552581,450006298,1,56,1
942552582,450006298,1,39,1
942552583,450006298,1,63,1
942552584,450006298,1,28,1
942552585,450006298,1,62,1
942552586,450006298,1,54,1
942552587,450006298,1,33,1
942552588,450006298,1,39,1
942552479,450006298,1,43,1
942552478,450006298,1,24,1
942552477,450006298,1,29,1
942552476,450006298,1,39,1
942552475,450006298,1,42,1
942552474,450006298,1,38,1
942552473,450006298,1,31,1
942552472,450006298,1,46,1
942552471,450006298,1,19,1
942552470,450006298,1,34,1
942552469,450006298,1,23,1
942552468,450006298,1,36,1
942552467,450006298,1,47,1
942552466,450006298,1,31,1
942552465,450006298,1,30,1
942552464,450006298,1,31,1
942552463,450006298,1,40,1
942552462,450006298,1,29,1
942552635,450006298,1,38,1
942552461,450006298,1,30,1
942552460,450006298,1,30,1
942552459,450006298,1,18,1
942552458,450006298,1,25,1
942552457,450006298,1,51,1
942552456,450006298,1,31,1
942552455,450006298,1,29,1
942552454,450006298,1,21,1
942552453,450006298,1,31,1
942552645,450006298,1,32,1
942552646,450006298,1,53,1
942552647,450006298,1,30,1
942552648,450006298,1,29,1
942552649,450006298,1,21,1
942552650,450006298,1,32,1
942552651,450006298,1,32,1
942552652,450006298,1,20,1
942552653,450006298,1,37,1
942552654,450006298,1,62,1
942552655,450006298,1,48,1
942552656,450006298,1,35,1
942552657,450006298,1,36,1
942552658,450006298,1,53,1
942552659,450006298,1,48,1
942552660,450006298,1,33,1
942552661,450006298,1,53,1
942552662,450006298,1,56,1
942552663,450006298,1,40,1
942552664,450006298,1,26,1
942552665,450006298,1,37,1
942552666,450006298,1,24,1
942552667,450006298,1,28,1
942552668,450006298,1,42,1
942552669,450006298,1,42,1
942552628,450006298,1,39,1
942552629,450006298,1,27,1
942552630,450006298,1,34,1
942552631,450006298,1,30,1
942552632,450006298,1,52,1
942552633,450006298,1,21,1
942552634,450006298,1,25,1
942552644,450006298,1,35,1
942552643,450006298,1,33,1
942552503,450006298,1,30,1
942552504,450006298,1,52,1
942552642,450006298,1,36,1
942552505,450006298,1,39,1
942552506,450006298,1,43,1
942552507,450006298,1,48,1
942552508,450006298,1,35,1
942552509,450006298,1,19,1
942552510,450006298,1,30,1
942552511,450006298,1,35,1
942552512,450006298,1,24,1
942552513,450006298,1,37,1
942552514,450006298,1,49,1
942552515,450006298,1,25,1
942552516,450006298,1,21,1
942552518,450006298,1,26,1
942552589,450006298,1,20,1
942552590,450006298,1,30,1
942552591,450006298,1,46,1
942552592,450006298,1,27,1
942552593,450006298,1,37,1
942552594,450006298,1,26,1
942552595,450006298,1,48,1
942552596,450006298,1,43,1
942552597,450006298,1,42,1
942552598,450006298,1,46,1
942552599,450006298,1,29,1
942552600,450006298,1,40,1
942552601,450006298,1,25,1
942552602,450006298,1,27,1
942552603,450006298,1,46,1
942552604,450006298,1,40,1
942552605,450006298,1,28,1
942552606,450006298,1,40,1
942552607,450006298,1,23,1
942552608,450006298,1,48,1
942552609,450006298,1,23,1
942552610,450006298,1,22,1
942552611,450006298,1,26,1
942552612,450006298,1,25,1
942552613,450006298,1,43,1
942552614,450006298,1,33,1
942552615,450006298,1,42,1
942552616,450006298,1,42,1
942552617,450006298,1,38,1
942552618,450006298,1,33,1
942552619,450006298,1,39,1
942552620,450006298,1,23,1
942552621,450006298,1,30,1
942552622,450006298,1,34,1
942552623,450006298,1,35,1
942552624,450006298,1,43,1
942552625,450006298,1,31,1
942552626,450006298,1,20,1
942552627,450006298,1,58,1
942552670,450022035,1,47,2
942552671,450022035,1,37,2
942552672,450022035,1,48,2
942552673,450022035,1,25,2
942552674,450022035,1,28,2
942552675,450022035,1,45,2
942552676,450022035,1,18,2
942552677,450022035,1,34,2
942552678,450022035,1,29,2
942552679,450022035,1,54,2
942552680,450022035,1,30,2
942552681,450022035,1,23,2
942552682,450022035,1,26,2
942552683,450022035,1,60,2
942552684,450022035,1,39,2
942552685,450022035,1,53,2
942552686,450022035,1,30,2
942552687,450022035,1,35,2
942552688,450022035,1,49,2
942552689,450022035,1,52,2
942552690,450022035,1,33,2
942552691,450022035,1,47,2
942552692,450022035,1,27,2
942552693,450022035,1,20,2
942552694,450022035,1,24,2
939849003,450036337,1,73,2
940607048,450036337,1,75,1
940607047,450036337,1,81,1
940607046,450036337,1,73,1
940607045,450036337,1,89,1
940607044,450036337,1,94,1
940607043,450036337,1,81,1
940607042,450036337,1,71,1
940607041,450036337,1,87,1
940607040,450036337,1,99,1
940607039,450036337,1,67,1
939354022,450036337,1,38,2
939354023,450036337,1,56,2
939354024,450036337,1,51,2
939354025,450036337,1,59,2
939848990,450036337,1,69,2
939848991,450036337,1,84,2
939848992,450036337,1,87,2
939848993,450036337,1,79,2
939848994,450036337,1,78,2
939848995,450036337,1,84,2
939848996,450036337,1,99,2
939848997,450036337,1,81,2
939848998,450036337,1,96,2
939848999,450036337,1,73,2
940352640,450036337,1,48,1
940352641,450036337,1,63,1
940352642,450036337,1,47,1
939849000,450036337,1,87,2
939849001,450036337,1,84,2
939849002,450036337,1,96,2
939849004,450036337,1,96,2
939849005,450036337,1,90,2
939849006,450036337,1,70,2
939849007,450036337,1,75,2
939849008,450036337,1,79,2
939849009,450036337,1,89,2
939849010,450036337,1,88,2
939849011,450036337,1,99,2
939849012,450036337,1,91,2
939849013,450036337,1,90,2
939849014,450036337,1,77,2
939849015,450036337,1,97,2
939849016,450036337,1,81,2
939849017,450036337,1,85,2
939849018,450036337,1,100,2
939849019,450036337,1,80,2
939849020,450036337,1,100,2
939849021,450036337,1,76,2
939849022,450036337,1,85,2
939849023,450036337,1,89,2
939849024,450036337,1,71,2
939849025,450036337,1,77,2
939849026,450036337,1,83,2
939849027,450036337,1,77,2
939849028,450036337,1,93,2
939849029,450036337,1,82,2
939849030,450036337,1,85,2
939849031,450036337,1,81,2
939849032,450036337,1,88,2
939849033,450036337,1,83,2
939849034,450036337,1,94,2
939849035,450036337,1,90,2
939849135,450036338,1,76,2
939849134,450036338,1,100,2
939849133,450036338,1,82,2
939849132,450036338,1,86,2
939849131,450036338,1,65,2
939849130,450036338,1,92,2
939849129,450036338,1,81,2
939849128,450036338,1,77,2
939849127,450036338,1,66,2
939849126,450036338,1,68,2
939849125,450036338,1,75,2
939849124,450036338,1,94,2
939849123,450036338,1,84,2
939849122,450036338,1,71,2
939849121,450036338,1,78,2
939849120,450036338,1,80,2
939849119,450036338,1,81,2
939849118,450036338,1,88,2
940352646,450036338,1,51,1
940352645,450036338,1,63,1
940352644,450036338,1,37,1
939849117,450036338,1,93,2
939849116,450036338,1,98,2
939849115,450036338,1,86,2
939849114,450036338,1,85,2
939849113,450036338,1,98,2
939849112,450036338,1,80,2
939849111,450036338,1,83,2
939849110,450036338,1,82,2
939849109,450036338,1,86,2
939849108,450036338,1,95,2
939849107,450036338,1,84,2
939849106,450036338,1,95,2
939849105,450036338,1,76,2
939849104,450036338,1,94,2
939849103,450036338,1,76,2
939849102,450036338,1,86,2
939849101,450036338,1,98,2
939849100,450036338,1,93,2
939849099,450036338,1,90,2
939849098,450036338,1,89,2
939849097,450036338,1,86,2
939849096,450036338,1,70,2
939849095,450036338,1,67,2
940607068,450036338,1,69,1
940607069,450036338,1,86,1
940607067,450036338,1,98,1
940607066,450036338,1,85,1
940607065,450036338,1,82,1
940607064,450036338,1,88,1
940607063,450036338,1,88,1
940607062,450036338,1,82,1
940607061,450036338,1,88,1
940607060,450036338,1,81,1
939849094,450036338,1,69,2
939849093,450036338,1,84,2
939354027,450036338,1,64,2
939354028,450036338,1,56,2
939354029,450036338,1,36,2
939354030,450036338,1,56,2
939849138,450036338,1,82,2
939849137,450036338,1,72,2
939849136,450036338,1,81,2
940699287,450042407,1,84,1
940699285,450042407,1,65,1
940699284,450042407,1,78,1
939320974,450042407,1,63,2
939320975,450042407,1,33,2
939320976,450042407,1,54,2
940086417,450042407,1,79,2
940086418,450042407,1,88,2
940086419,450042407,1,86,2
940086420,450042407,1,79,2
940086421,450042407,1,80,2
940086422,450042407,1,74,2
940086423,450042407,1,90,2
940086424,450042407,1,90,2
940086425,450042407,1,84,2
940086426,450042407,1,93,2
940086427,450042407,1,89,2
940086428,450042407,1,76,2
940086429,450042407,1,77,2
940086430,450042407,1,99,2
940086431,450042407,1,75,2
940086432,450042407,1,104,2
940086433,450042407,1,87,2
940086434,450042407,1,85,2
940086435,450042407,1,90,2
940086436,450042407,1,87,2
940086437,450042407,1,86,2
940086438,450042407,1,95,2
940086439,450042407,1,65,2
940086440,450042407,1,70,2
940086441,450042407,1,86,2
940086442,450042407,1,105,2
940086443,450042407,1,81,2
940086444,450042407,1,88,2
940086445,450042407,1,89,2
940086446,450042407,1,86,2
940086447,450042407,1,72,2
940086448,450042407,1,83,2
940086449,450042407,1,81,2
940086450,450042407,1,80,2
940086451,450042407,1,81,2
940086452,450042407,1,88,2
940086453,450042407,1,76,2
940086454,450042407,1,90,2
940086455,450042407,1,99,2
940086456,450042407,1,73,2
940086457,450042407,1,72,2
940086458,450042407,1,92,2
940086459,450042407,1,81,2
940086460,450042407,1,77,2
940086461,450042407,1,90,2
940384685,450042407,1,27,1
940384684,450042407,1,23,1
940384683,450042407,1,45,1
940699292,450042407,1,67,1
940699291,450042407,1,77,1
940699290,450042407,1,83,1
940699289,450042407,1,69,1
940699288,450042407,1,94,1
940699286,450042407,1,74,1
939613412,450030486,1,76,2
939377260,450030486,1,60,2
939377259,450030486,1,27,2
939377258,450030486,1,54,2
939377257,450030486,1,64,2
939377256,450030486,1,58,2
939377255,450030486,1,44,2
939377254,450030486,1,51,2
939377253,450030486,1,50,2
939377252,450030486,1,55,2
939613368,450030486,1,82,2
939613369,450030486,1,82,2
939613370,450030486,1,86,2
939613371,450030486,1,91,2
939613372,450030486,1,89,2
939613373,450030486,1,86,2
939613374,450030486,1,105,2
939613375,450030486,1,87,2
939613376,450030486,1,84,2
939613377,450030486,1,78,2
939613378,450030486,1,85,2
939613379,450030486,1,82,2
939613380,450030486,1,99,2
939613381,450030486,1,88,2
939613382,450030486,1,88,2
939613383,450030486,1,94,2
939613384,450030486,1,75,2
939613385,450030486,1,102,2
939613386,450030486,1,79,2
939613387,450030486,1,94,2
939613388,450030486,1,95,2
939613389,450030486,1,75,2
939613390,450030486,1,82,2
939613391,450030486,1,99,2
939613392,450030486,1,97,2
939613393,450030486,1,100,2
939613394,450030486,1,76,2
939613395,450030486,1,105,2
939613396,450030486,1,88,2
939613397,450030486,1,90,2
939613398,450030486,1,98,2
939613399,450030486,1,66,2
939613400,450030486,1,95,2
939613401,450030486,1,84,2
939613402,450030486,1,85,2
939613403,450030486,1,87,2
939613404,450030486,1,66,2
939613405,450030486,1,86,2
939613406,450030486,1,90,2
940514517,450030486,1,71,1
940514518,450030486,1,84,1
940514519,450030486,1,82,1
940514520,450030486,1,87,1
940514521,450030486,1,99,1
940514522,450030486,1,82,1
940514523,450030486,1,86,1
940514524,450030486,1,94,1
940514525,450030486,1,70,1
940514526,450030486,1,70,1
940514527,450030486,1,84,1
940514528,450030486,1,89,1
940514529,450030486,1,100,1
940514530,450030486,1,67,1
940514531,450030486,1,73,1
940514532,450030486,1,79,1
940514533,450030486,1,86,1
940514534,450030486,1,81,1
940514535,450030486,1,68,1
940514536,450030486,1,88,1
940514537,450030486,1,74,1
940514538,450030486,1,87,1
940514539,450030486,1,71,1
940514540,450030486,1,71,1
940514541,450030486,1,92,1
940514542,450030486,1,102,1
940514543,450030486,1,86,1
940514544,450030486,1,105,1
940514545,450030486,1,89,1
940514546,450030486,1,85,1
940514547,450030486,1,80,1
939613407,450030486,1,85,2
939613408,450030486,1,88,2
939613409,450030486,1,85,2
939613410,450030486,1,68,2
939613411,450030486,1,88,2
939613442,450030486,1,83,2
939613441,450030486,1,91,2
939613440,450030486,1,76,2
939613439,450030486,1,76,2
939613438,450030486,1,85,2
939613437,450030486,1,86,2
939613436,450030486,1,88,2
939613435,450030486,1,85,2
939613434,450030486,1,86,2
939613433,450030486,1,70,2
939613432,450030486,1,86,2
939613431,450030486,1,88,2
939613430,450030486,1,86,2
939613429,450030486,1,77,2
939613428,450030486,1,90,2
939613427,450030486,1,91,2
939613426,450030486,1,84,2
939613425,450030486,1,88,2
939613424,450030486,1,79,2
939613423,450030486,1,87,2
939613422,450030486,1,97,2
939613421,450030486,1,89,2
939613420,450030486,1,77,2
939613419,450030486,1,66,2
939613418,450030486,1,88,2
939613417,450030486,1,88,2
939613416,450030486,1,76,2
939613415,450030486,1,79,2
939613414,450030486,1,77,2
939613413,450030486,1,88,2
940514559,450030487,1,75,1
940514558,450030487,1,81,1
940514557,450030487,1,90,1
939377263,450030487,1,28,2
939377264,450030487,1,49,2
939377265,450030487,1,51,2
939377266,450030487,1,58,2
939377267,450030487,1,64,2
939377268,450030487,1,47,2
940514556,450030487,1,67,1
940514555,450030487,1,72,1
940319216,450030487,1,46,1
939613469,450030487,1,82,2
939613468,450030487,1,79,2
939613467,450030487,1,91,2
939613466,450030487,1,84,2
939613465,450030487,1,90,2
940514548,450030487,1,89,1
940514549,450030487,1,82,1
940514550,450030487,1,92,1
939613473,450030487,1,79,2
939613474,450030487,1,90,2
939613475,450030487,1,98,2
939613476,450030487,1,75,2
940514554,450030487,1,98,1
940514553,450030487,1,90,1
940514552,450030487,1,95,1
940514551,450030487,1,85,1
939613477,450030487,1,86,2
939613478,450030487,1,82,2
939613479,450030487,1,88,2
939613464,450030487,1,97,2
940319208,450030487,1,64,1
940319209,450030487,1,53,1
940319210,450030487,1,31,1
940319211,450030487,1,49,1
940319212,450030487,1,58,1
940319213,450030487,1,47,1
940319214,450030487,1,62,1
940319215,450030487,1,58,1
939613463,450030487,1,88,2
939613462,450030487,1,82,2
939613461,450030487,1,79,2
939613471,450030487,1,78,2
939613472,450030487,1,79,2
939613470,450030487,1,73,2
939613480,450030487,1,84,2
940514561,450030487,1,98,1
940514560,450030487,1,88,1
939849181,450036340,1,88,2
939849169,450036340,1,77,2
939849170,450036340,1,97,2
939849171,450036340,1,79,2
939849162,450036340,1,92,2
939849163,450036340,1,80,2
939849164,450036340,1,85,2
939849165,450036340,1,83,2
939849166,450036340,1,88,2
940607083,450036340,1,80,1
939354035,450036340,1,62,2
939354034,450036340,1,60,2
939354033,450036340,1,61,2
939354032,450036340,1,60,2
939354031,450036340,1,64,2
939354036,450036340,1,27,2
940607082,450036340,1,79,1
940607081,450036340,1,96,1
940607080,450036340,1,69,1
940352648,450036340,1,56,1
940352649,450036340,1,48,1
940352650,450036340,1,53,1
940352651,450036340,1,44,1
940352652,450036340,1,48,1
940352653,450036340,1,64,1
940352654,450036340,1,48,1
940352655,450036340,1,56,1
940352656,450036340,1,46,1
940607079,450036340,1,78,1
940607078,450036340,1,67,1
940607077,450036340,1,82,1
940607076,450036340,1,93,1
940607075,450036340,1,68,1
940607074,450036340,1,83,1
940607073,450036340,1,67,1
940607072,450036340,1,84,1
940607071,450036340,1,91,1
939849172,450036340,1,86,2
939849173,450036340,1,96,2
939849174,450036340,1,88,2
939849175,450036340,1,76,2
939849176,450036340,1,82,2
939849177,450036340,1,85,2
939849178,450036340,1,71,2
939849179,450036340,1,88,2
939849180,450036340,1,72,2
940607070,450036340,1,103,1
939849167,450036340,1,75,2
939849168,450036340,1,71,2
939354039,450036339,1,40,2
940607091,450036339,1,90,1
940607092,450036339,1,68,1
939354037,450036339,1,29,2
940607084,450036339,1,78,1
940607085,450036339,1,90,1
940607086,450036339,1,81,1
940607087,450036339,1,76,1
940607088,450036339,1,77,1
940607089,450036339,1,81,1
940607093,450036339,1,88,1
939849182,450036339,1,87,2
939849183,450036339,1,83,2
939849184,450036339,1,88,2
939849185,450036339,1,90,2
939849186,450036339,1,81,2
939849187,450036339,1,82,2
939849188,450036339,1,70,2
939849189,450036339,1,95,2
939849190,450036339,1,89,2
939849191,450036339,1,75,2
939849192,450036339,1,84,2
939849193,450036339,1,93,2
939849194,450036339,1,81,2
939849195,450036339,1,85,2
939849196,450036339,1,78,2
940352661,450036339,1,62,1
940352662,450036339,1,50,1
940352663,450036339,1,45,1
939849197,450036339,1,99,2
939849198,450036339,1,65,2
939849199,450036339,1,92,2
939849200,450036339,1,89,2
939849201,450036339,1,82,2
940607090,450036339,1,71,1
940607095,450036339,1,84,1
940607094,450036339,1,84,1
939354038,450036339,1,24,2
940352660,450036339,1,23,1
940352659,450036339,1,53,1
940352658,450036339,1,58,1
940352657,450036339,1,61,1
940607096,450036339,1,78,1
940607097,450036339,1,83,1
939354042,450036339,1,61,2
939354041,450036339,1,58,2
939354040,450036339,1,60,2
