sp_id,sp_gq_id,sporder,age,sex
939851600,450036368,1,88,2
940608200,450036368,1,70,1
939355975,450036368,1,18,2
940608201,450036368,1,90,1
940608202,450036368,1,83,1
940608203,450036368,1,87,1
940608204,450036368,1,89,1
939851567,450036368,1,79,2
939851568,450036368,1,78,2
939851569,450036368,1,84,2
939851570,450036368,1,86,2
939851571,450036368,1,87,2
939851572,450036368,1,89,2
939851573,450036368,1,87,2
939851574,450036368,1,88,2
939851575,450036368,1,80,2
939851576,450036368,1,90,2
939851577,450036368,1,84,2
939851578,450036368,1,82,2
939851579,450036368,1,99,2
939851580,450036368,1,85,2
939851581,450036368,1,85,2
939851582,450036368,1,72,2
939851583,450036368,1,83,2
939851584,450036368,1,79,2
939851585,450036368,1,79,2
939851586,450036368,1,97,2
939851587,450036368,1,95,2
939851588,450036368,1,90,2
939851589,450036368,1,75,2
939851590,450036368,1,88,2
939851591,450036368,1,96,2
939851592,450036368,1,89,2
939851593,450036368,1,76,2
939851594,450036368,1,91,2
939851595,450036368,1,102,2
939851596,450036368,1,81,2
939851597,450036368,1,87,2
939851598,450036368,1,81,2
939851599,450036368,1,70,2
939851601,450036368,1,88,2
939851602,450036368,1,90,2
939851603,450036368,1,100,2
939851604,450036368,1,90,2
939851605,450036368,1,73,2
939851606,450036368,1,89,2
939851607,450036368,1,98,2
939851608,450036368,1,87,2
939851609,450036368,1,85,2
939851610,450036368,1,79,2
939851611,450036368,1,90,2
939851612,450036368,1,82,2
939851613,450036368,1,81,2
939851614,450036368,1,85,2
939851615,450036368,1,75,2
939851616,450036368,1,97,2
939851617,450036368,1,86,2
939851618,450036368,1,86,2
939851619,450036368,1,70,2
939851620,450036368,1,76,2
939851621,450036368,1,79,2
939851622,450036368,1,70,2
939851623,450036368,1,90,2
939851624,450036368,1,86,2
939851625,450036368,1,82,2
939851626,450036368,1,92,2
939851627,450036368,1,89,2
939851628,450036368,1,93,2
939851629,450036368,1,83,2
939851630,450036368,1,85,2
939851631,450036368,1,96,2
939851632,450036368,1,100,2
940608216,450036368,1,80,1
940608217,450036368,1,88,1
940608218,450036368,1,68,1
940608219,450036368,1,99,1
940608220,450036368,1,84,1
940608221,450036368,1,78,1
940608228,450036368,1,67,1
940608227,450036368,1,85,1
940608226,450036368,1,71,1
940608225,450036368,1,77,1
940608224,450036368,1,82,1
940608223,450036368,1,85,1
940608198,450036368,1,79,1
940608199,450036368,1,87,1
940352979,450036368,1,58,1
939851556,450036368,1,98,2
939851555,450036368,1,83,2
939851554,450036368,1,90,2
939851553,450036368,1,80,2
939851552,450036368,1,88,2
939851551,450036368,1,92,2
939851550,450036368,1,65,2
939851549,450036368,1,96,2
939851548,450036368,1,86,2
939851547,450036368,1,86,2
939851546,450036368,1,79,2
939851545,450036368,1,104,2
939851544,450036368,1,90,2
939851543,450036368,1,73,2
939851542,450036368,1,86,2
939851541,450036368,1,102,2
939355976,450036368,1,55,2
939355977,450036368,1,45,2
939355978,450036368,1,53,2
940608205,450036368,1,84,1
940608206,450036368,1,77,1
940608207,450036368,1,75,1
940608208,450036368,1,67,1
940608209,450036368,1,71,1
940608222,450036368,1,79,1
940608210,450036368,1,87,1
940608211,450036368,1,76,1
940608212,450036368,1,68,1
940608213,450036368,1,69,1
940608214,450036368,1,82,1
940608215,450036368,1,77,1
939851557,450036368,1,79,2
939851558,450036368,1,105,2
939851559,450036368,1,82,2
939851560,450036368,1,70,2
939851561,450036368,1,84,2
939851562,450036368,1,89,2
939851563,450036368,1,85,2
939851564,450036368,1,94,2
939851565,450036368,1,88,2
939851566,450036368,1,97,2
939617533,450030428,1,84,2
939617534,450030428,1,77,2
939617535,450030428,1,92,2
939617536,450030428,1,104,2
939617537,450030428,1,84,2
939617538,450030428,1,89,2
939617539,450030428,1,81,2
939617540,450030428,1,99,2
939617541,450030428,1,90,2
939617542,450030428,1,86,2
939617543,450030428,1,87,2
939617544,450030428,1,94,2
939617545,450030428,1,88,2
939617546,450030428,1,65,2
940319484,450030428,1,51,1
940515936,450030428,1,90,1
940515937,450030428,1,77,1
940515938,450030428,1,82,1
940515939,450030428,1,85,1
940515940,450030428,1,94,1
940515941,450030428,1,70,1
940515942,450030428,1,89,1
940515943,450030428,1,78,1
940515944,450030428,1,97,1
940515945,450030428,1,80,1
940515946,450030428,1,80,1
940515947,450030428,1,84,1
940515948,450030428,1,78,1
940515949,450030428,1,80,1
940515950,450030428,1,75,1
940319487,450030428,1,60,1
939617507,450030428,1,80,2
939617508,450030428,1,70,2
939617509,450030428,1,71,2
939617510,450030428,1,89,2
939617511,450030428,1,76,2
939617512,450030428,1,82,2
939617513,450030428,1,88,2
939617514,450030428,1,68,2
939617515,450030428,1,85,2
939617516,450030428,1,96,2
939617517,450030428,1,88,2
939617518,450030428,1,88,2
939617519,450030428,1,85,2
939617520,450030428,1,76,2
939617521,450030428,1,73,2
939617522,450030428,1,75,2
939617523,450030428,1,75,2
939617524,450030428,1,89,2
939617525,450030428,1,77,2
939617526,450030428,1,76,2
939617527,450030428,1,87,2
939617528,450030428,1,89,2
939617529,450030428,1,76,2
939617530,450030428,1,100,2
939617531,450030428,1,91,2
939617532,450030428,1,93,2
939617547,450030428,1,80,2
939617548,450030428,1,66,2
939617549,450030428,1,75,2
939617550,450030428,1,103,2
939617551,450030428,1,86,2
939617552,450030428,1,66,2
939617553,450030428,1,89,2
939617554,450030428,1,89,2
939617555,450030428,1,73,2
939617556,450030428,1,90,2
939617557,450030428,1,88,2
939617558,450030428,1,103,2
939617559,450030428,1,88,2
939617560,450030428,1,67,2
939617561,450030428,1,77,2
939340784,450030428,1,49,2
939340785,450030428,1,36,2
939340786,450030428,1,37,2
939617562,450030428,1,90,2
939617563,450030428,1,90,2
940319486,450030428,1,58,1
940319485,450030428,1,56,1
940515935,450030428,1,76,1
938378067,450004580,1,18,2
938378065,450004580,1,23,2
938378064,450004580,1,42,2
938378063,450004580,1,21,2
938378062,450004580,1,18,2
938378061,450004580,1,19,2
938378060,450004580,1,19,2
938378059,450004580,1,24,2
938378058,450004580,1,18,2
938378057,450004580,1,19,2
938378056,450004580,1,18,2
938378055,450004580,1,19,2
938378054,450004580,1,21,2
938378053,450004580,1,21,2
938378052,450004580,1,19,2
938378051,450004580,1,18,2
938377694,450004580,1,19,1
938377693,450004580,1,20,1
938377692,450004580,1,18,1
938377691,450004580,1,20,1
938377690,450004580,1,20,1
938377689,450004580,1,29,1
938377688,450004580,1,18,1
938377687,450004580,1,23,1
938377686,450004580,1,21,1
938377685,450004580,1,19,1
938377684,450004580,1,21,1
938377683,450004580,1,19,1
938377682,450004580,1,20,1
938377681,450004580,1,18,1
938377680,450004580,1,20,1
938377679,450004580,1,21,1
938377678,450004580,1,19,1
938377677,450004580,1,21,1
938377676,450004580,1,22,1
938377675,450004580,1,21,1
938377674,450004580,1,18,1
938377673,450004580,1,21,1
938377672,450004580,1,18,1
938377671,450004580,1,20,1
938377670,450004580,1,19,1
938377669,450004580,1,23,1
938377668,450004580,1,23,1
938377667,450004580,1,18,1
938377666,450004580,1,19,1
938377665,450004580,1,19,1
938377664,450004580,1,20,1
938377663,450004580,1,24,1
938377662,450004580,1,19,1
938377661,450004580,1,19,1
938377660,450004580,1,18,1
938377659,450004580,1,23,1
938377658,450004580,1,21,1
938377657,450004580,1,24,1
938377656,450004580,1,28,1
938377655,450004580,1,20,1
938377858,450004580,1,23,1
938377859,450004580,1,25,1
938377860,450004580,1,18,1
938377861,450004580,1,24,1
938377862,450004580,1,22,1
938377863,450004580,1,19,1
938377864,450004580,1,19,1
938377865,450004580,1,19,1
938377866,450004580,1,20,1
938377867,450004580,1,24,1
938377868,450004580,1,19,1
938377869,450004580,1,18,1
938377870,450004580,1,20,1
938377871,450004580,1,20,1
938377872,450004580,1,23,1
938377873,450004580,1,19,1
938377874,450004580,1,24,1
938377875,450004580,1,33,1
938377876,450004580,1,23,1
938377877,450004580,1,23,1
938377878,450004580,1,20,1
938377879,450004580,1,21,1
938377880,450004580,1,27,1
938377881,450004580,1,21,1
938377882,450004580,1,19,1
938377883,450004580,1,18,1
938377884,450004580,1,19,2
938377885,450004580,1,36,2
938377886,450004580,1,20,2
938377887,450004580,1,19,2
938377888,450004580,1,19,2
938377889,450004580,1,19,2
938377890,450004580,1,20,2
938377891,450004580,1,21,2
938377892,450004580,1,18,2
938377893,450004580,1,54,2
938377894,450004580,1,19,2
938377895,450004580,1,18,2
938377896,450004580,1,19,2
938377897,450004580,1,19,2
938377898,450004580,1,23,2
938377899,450004580,1,18,2
938377900,450004580,1,19,2
938377901,450004580,1,19,2
938377902,450004580,1,19,2
938377903,450004580,1,20,2
938377904,450004580,1,21,2
938377905,450004580,1,19,2
938377906,450004580,1,19,2
938377907,450004580,1,18,2
938377908,450004580,1,24,2
938377909,450004580,1,20,2
938377910,450004580,1,19,2
938377911,450004580,1,18,2
938377912,450004580,1,19,2
938377913,450004580,1,27,2
938377914,450004580,1,18,2
938377915,450004580,1,18,2
938377916,450004580,1,19,2
938377917,450004580,1,18,2
938377918,450004580,1,21,2
938377919,450004580,1,19,2
938377920,450004580,1,19,2
938377921,450004580,1,21,2
938377922,450004580,1,22,2
938377654,450004580,1,19,1
938377653,450004580,1,20,1
938377652,450004580,1,23,1
938377651,450004580,1,19,1
938377650,450004580,1,21,1
938377923,450004580,1,19,2
938377924,450004580,1,22,2
938377925,450004580,1,19,2
938377926,450004580,1,18,2
938377927,450004580,1,19,2
938377928,450004580,1,20,2
938377929,450004580,1,23,2
938377930,450004580,1,19,2
938377931,450004580,1,20,2
938377719,450004580,1,19,1
938377720,450004580,1,21,1
938377721,450004580,1,23,1
938377722,450004580,1,18,1
938377723,450004580,1,19,1
938377724,450004580,1,18,1
938377725,450004580,1,22,1
938377726,450004580,1,18,1
938377727,450004580,1,19,1
938377728,450004580,1,21,1
938377729,450004580,1,18,1
938377730,450004580,1,19,1
938377731,450004580,1,19,1
938377732,450004580,1,23,1
938377733,450004580,1,19,1
938377734,450004580,1,21,1
938377735,450004580,1,18,1
938377736,450004580,1,18,1
938377737,450004580,1,20,1
938377738,450004580,1,20,1
938377949,450004580,1,20,2
938377739,450004580,1,19,1
938377950,450004580,1,20,2
938377951,450004580,1,21,2
938377952,450004580,1,21,2
938377718,450004580,1,20,1
938377717,450004580,1,18,1
938377716,450004580,1,18,1
938377715,450004580,1,18,1
938377714,450004580,1,19,1
938377713,450004580,1,21,1
938377712,450004580,1,19,1
938377711,450004580,1,22,1
938377710,450004580,1,19,1
938377709,450004580,1,20,1
938377708,450004580,1,18,1
938377707,450004580,1,19,1
938377706,450004580,1,19,1
938377705,450004580,1,19,1
938377704,450004580,1,19,1
938377703,450004580,1,19,1
938377702,450004580,1,22,1
938377701,450004580,1,19,1
938377700,450004580,1,20,1
938377699,450004580,1,18,1
938377698,450004580,1,19,1
938377697,450004580,1,19,1
938377696,450004580,1,24,1
938377695,450004580,1,22,1
938377953,450004580,1,19,2
938377740,450004580,1,19,1
938377954,450004580,1,22,2
938377955,450004580,1,19,2
938377956,450004580,1,18,2
938377957,450004580,1,19,2
938377958,450004580,1,23,2
938377959,450004580,1,22,2
938377960,450004580,1,23,2
938377961,450004580,1,20,2
938377962,450004580,1,19,2
938377963,450004580,1,18,2
938377964,450004580,1,21,2
938377965,450004580,1,19,2
938377966,450004580,1,21,2
938377967,450004580,1,19,2
938377968,450004580,1,19,2
938377969,450004580,1,19,2
938377970,450004580,1,19,2
938377971,450004580,1,19,2
938377972,450004580,1,33,2
938377973,450004580,1,19,2
938377974,450004580,1,19,2
938377975,450004580,1,18,2
938377976,450004580,1,19,2
938377977,450004580,1,21,2
938377978,450004580,1,20,2
938377979,450004580,1,22,2
938377980,450004580,1,18,2
938377981,450004580,1,18,2
938377982,450004580,1,18,2
938377983,450004580,1,23,2
938377984,450004580,1,19,2
938377985,450004580,1,19,2
938377986,450004580,1,24,2
938377987,450004580,1,21,2
938377988,450004580,1,23,2
938377989,450004580,1,18,2
938377990,450004580,1,22,2
938377991,450004580,1,19,2
938377992,450004580,1,20,2
938377993,450004580,1,23,2
938377994,450004580,1,19,2
938377995,450004580,1,21,2
938377996,450004580,1,19,2
938377997,450004580,1,19,2
938377998,450004580,1,24,2
938377999,450004580,1,24,2
938378000,450004580,1,22,2
938377932,450004580,1,19,2
938377933,450004580,1,23,2
938377934,450004580,1,24,2
938377935,450004580,1,21,2
938377936,450004580,1,19,2
938377937,450004580,1,19,2
938377938,450004580,1,30,2
938377939,450004580,1,21,2
938377940,450004580,1,24,2
938377941,450004580,1,18,2
938377942,450004580,1,24,2
938377943,450004580,1,24,2
938377944,450004580,1,19,2
938377945,450004580,1,24,2
938377946,450004580,1,19,2
938377947,450004580,1,19,2
938377948,450004580,1,19,2
938378001,450004580,1,18,2
938378002,450004580,1,21,2
938378003,450004580,1,20,2
938378004,450004580,1,18,2
938378005,450004580,1,18,2
938378006,450004580,1,20,2
938378007,450004580,1,19,2
938378008,450004580,1,19,2
938378009,450004580,1,19,2
938378010,450004580,1,18,2
938378011,450004580,1,18,2
938378012,450004580,1,18,2
938378013,450004580,1,18,2
938378014,450004580,1,20,2
938378015,450004580,1,18,2
938378016,450004580,1,19,2
938378017,450004580,1,18,2
938377857,450004580,1,20,1
938377856,450004580,1,19,1
938377855,450004580,1,23,1
938377854,450004580,1,21,1
938377853,450004580,1,22,1
938377852,450004580,1,19,1
938377851,450004580,1,18,1
938377850,450004580,1,20,1
938377849,450004580,1,20,1
938377848,450004580,1,24,1
938377847,450004580,1,22,1
938377846,450004580,1,18,1
938377845,450004580,1,23,1
938377844,450004580,1,19,1
938377843,450004580,1,18,1
938377842,450004580,1,19,1
938377841,450004580,1,23,1
938377840,450004580,1,24,1
938377839,450004580,1,19,1
938377838,450004580,1,19,1
938377837,450004580,1,18,1
938377836,450004580,1,19,1
938377835,450004580,1,19,1
938377834,450004580,1,21,1
938377833,450004580,1,19,1
938377832,450004580,1,20,1
938377831,450004580,1,19,1
938377830,450004580,1,20,1
938377829,450004580,1,18,1
938377828,450004580,1,18,1
938377827,450004580,1,22,1
938377826,450004580,1,29,1
938377825,450004580,1,19,1
938377824,450004580,1,24,1
938377823,450004580,1,19,1
938377822,450004580,1,19,1
938377821,450004580,1,19,1
938377820,450004580,1,19,1
938377819,450004580,1,24,1
938377818,450004580,1,19,1
938377817,450004580,1,20,1
938377816,450004580,1,19,1
938377815,450004580,1,23,1
938377814,450004580,1,19,1
938377813,450004580,1,23,1
938377812,450004580,1,23,1
938377811,450004580,1,19,1
938377810,450004580,1,19,1
938377809,450004580,1,19,1
938377808,450004580,1,18,1
938377807,450004580,1,18,1
938377806,450004580,1,20,1
938377805,450004580,1,18,1
938377804,450004580,1,19,1
938377803,450004580,1,22,1
938377802,450004580,1,18,1
938377801,450004580,1,18,1
938377800,450004580,1,19,1
938377799,450004580,1,22,1
938377798,450004580,1,20,1
938377797,450004580,1,20,1
938377796,450004580,1,19,1
938377795,450004580,1,19,1
938377794,450004580,1,22,1
938377793,450004580,1,18,1
938377792,450004580,1,21,1
938377791,450004580,1,23,1
938377790,450004580,1,19,1
938377789,450004580,1,20,1
938377788,450004580,1,22,1
938377787,450004580,1,18,1
938377786,450004580,1,20,1
938377785,450004580,1,19,1
938377784,450004580,1,18,1
938377783,450004580,1,20,1
938377782,450004580,1,18,1
938377781,450004580,1,22,1
938377780,450004580,1,22,1
938377779,450004580,1,21,1
938377778,450004580,1,24,1
938378021,450004580,1,21,2
938378022,450004580,1,19,2
938378023,450004580,1,23,2
938378024,450004580,1,18,2
938378025,450004580,1,18,2
938378026,450004580,1,19,2
938378027,450004580,1,19,2
938378028,450004580,1,19,2
938378029,450004580,1,23,2
938378030,450004580,1,22,2
938378031,450004580,1,24,2
938378032,450004580,1,18,2
938378033,450004580,1,23,2
938378034,450004580,1,18,2
938378035,450004580,1,22,2
938378036,450004580,1,18,2
938378037,450004580,1,19,2
938378038,450004580,1,18,2
938378039,450004580,1,19,2
938378040,450004580,1,18,2
938378041,450004580,1,19,2
938378042,450004580,1,19,2
938378043,450004580,1,33,2
938378044,450004580,1,20,2
938378045,450004580,1,18,2
938378046,450004580,1,20,2
938378047,450004580,1,23,2
938378048,450004580,1,24,2
938378049,450004580,1,18,2
938378050,450004580,1,22,2
938377777,450004580,1,23,1
938377776,450004580,1,18,1
938377775,450004580,1,20,1
938377774,450004580,1,21,1
938377773,450004580,1,20,1
938377772,450004580,1,19,1
938377771,450004580,1,18,1
938377770,450004580,1,20,1
938377769,450004580,1,24,1
938377768,450004580,1,19,1
938377767,450004580,1,28,1
938377766,450004580,1,24,1
938377765,450004580,1,23,1
938377764,450004580,1,19,1
938377763,450004580,1,20,1
938377762,450004580,1,18,1
938377761,450004580,1,21,1
938377760,450004580,1,21,1
938377759,450004580,1,19,1
938377758,450004580,1,18,1
938377757,450004580,1,34,1
938377756,450004580,1,19,1
938377755,450004580,1,18,1
938377754,450004580,1,20,1
938377753,450004580,1,22,1
938377752,450004580,1,40,1
938377751,450004580,1,19,1
938377750,450004580,1,23,1
938377749,450004580,1,20,1
938377748,450004580,1,18,1
938377747,450004580,1,19,1
938377746,450004580,1,19,1
938377745,450004580,1,19,1
938377744,450004580,1,20,1
938377743,450004580,1,19,1
938377742,450004580,1,19,1
938377741,450004580,1,18,1
938378099,450004580,1,18,2
938378098,450004580,1,18,2
938378097,450004580,1,19,2
938378096,450004580,1,19,2
938378095,450004580,1,22,2
938378094,450004580,1,18,2
938378093,450004580,1,19,2
938378092,450004580,1,27,2
938378091,450004580,1,22,2
938378090,450004580,1,20,2
938378089,450004580,1,19,2
938378088,450004580,1,22,2
938378087,450004580,1,20,2
938378086,450004580,1,21,2
938378085,450004580,1,19,2
938378084,450004580,1,20,2
938378083,450004580,1,19,2
938378082,450004580,1,23,2
938378081,450004580,1,19,2
938378080,450004580,1,19,2
938378079,450004580,1,20,2
938378078,450004580,1,24,2
938378077,450004580,1,19,2
938378076,450004580,1,18,2
938378075,450004580,1,19,2
938378074,450004580,1,19,2
938378073,450004580,1,19,2
938378072,450004580,1,18,2
938378071,450004580,1,21,2
938378070,450004580,1,20,2
938378069,450004580,1,20,2
938378068,450004580,1,18,2
938378066,450004580,1,18,2
938378018,450004580,1,18,2
938378019,450004580,1,22,2
938378020,450004580,1,29,2
940409593,450046418,1,58,1
940409594,450046418,1,37,1
940409567,450046418,1,58,1
940409566,450046418,1,64,1
940409565,450046418,1,47,1
940409564,450046418,1,52,1
940409563,450046418,1,29,1
940409562,450046418,1,63,1
940409561,450046418,1,58,1
940409560,450046418,1,60,1
940409559,450046418,1,59,1
940409558,450046418,1,39,1
940409557,450046418,1,50,1
940409556,450046418,1,46,1
940409555,450046418,1,58,1
940409554,450046418,1,26,1
940409553,450046418,1,60,1
940409552,450046418,1,47,1
940409551,450046418,1,56,1
940409550,450046418,1,55,1
940409549,450046418,1,55,1
940409548,450046418,1,33,1
939300492,450046418,1,58,2
939300491,450046418,1,57,2
939300490,450046418,1,46,2
939300489,450046418,1,44,2
939300488,450046418,1,59,2
939300487,450046418,1,47,2
939300486,450046418,1,55,2
939300485,450046418,1,48,2
939300484,450046418,1,60,2
939300483,450046418,1,32,2
939300482,450046418,1,62,2
939300481,450046418,1,31,2
939300480,450046418,1,64,2
940409595,450046418,1,40,1
940409596,450046418,1,42,1
940409597,450046418,1,55,1
940409592,450046418,1,61,1
940409591,450046418,1,57,1
940409590,450046418,1,53,1
940409589,450046418,1,63,1
940409588,450046418,1,56,1
940409587,450046418,1,57,1
940409586,450046418,1,62,1
940409585,450046418,1,42,1
940409584,450046418,1,49,1
940409583,450046418,1,57,1
940409582,450046418,1,27,1
940409581,450046418,1,57,1
939300479,450046418,1,24,2
939300478,450046418,1,31,2
939300477,450046418,1,23,2
939300476,450046418,1,50,2
939300475,450046418,1,42,2
939300474,450046418,1,49,2
939300473,450046418,1,60,2
939300472,450046418,1,62,2
939300471,450046418,1,52,2
939300470,450046418,1,29,2
939300469,450046418,1,58,2
939291142,450046418,1,51,2
939300468,450046418,1,37,2
940409606,450046418,1,53,1
940409605,450046418,1,47,1
940409621,450046418,1,58,1
940409620,450046418,1,59,1
940409619,450046418,1,45,1
940409618,450046418,1,53,1
940409617,450046418,1,40,1
940409616,450046418,1,56,1
940409615,450046418,1,38,1
940409614,450046418,1,39,1
940409613,450046418,1,45,1
940409612,450046418,1,54,1
940409611,450046418,1,59,1
940409610,450046418,1,26,1
940409609,450046418,1,61,1
940409608,450046418,1,64,1
940409607,450046418,1,22,1
940409604,450046418,1,58,1
940409603,450046418,1,61,1
940409602,450046418,1,48,1
940409601,450046418,1,56,1
940409600,450046418,1,64,1
940409599,450046418,1,63,1
940409598,450046418,1,64,1
940409580,450046418,1,19,1
940409579,450046418,1,37,1
940409578,450046418,1,64,1
940409577,450046418,1,63,1
940409576,450046418,1,48,1
940409575,450046418,1,47,1
940409574,450046418,1,42,1
940409573,450046418,1,19,1
940409572,450046418,1,28,1
940409571,450046418,1,31,1
940409570,450046418,1,18,1
940409569,450046418,1,63,1
940409568,450046418,1,56,1
939617792,450030429,1,87,2
939617676,450030429,1,81,2
939617677,450030429,1,89,2
939617678,450030429,1,79,2
939617679,450030429,1,68,2
939617680,450030429,1,98,2
939617681,450030429,1,90,2
939617682,450030429,1,76,2
939617683,450030429,1,78,2
939617684,450030429,1,85,2
939617685,450030429,1,85,2
939617686,450030429,1,81,2
939617687,450030429,1,89,2
939617688,450030429,1,87,2
939617689,450030429,1,75,2
939617690,450030429,1,90,2
939617691,450030429,1,105,2
939617692,450030429,1,81,2
939617693,450030429,1,85,2
939617694,450030429,1,91,2
939617695,450030429,1,102,2
939617696,450030429,1,72,2
939617697,450030429,1,85,2
939617698,450030429,1,85,2
939617699,450030429,1,77,2
939617700,450030429,1,78,2
939617701,450030429,1,73,2
939617702,450030429,1,95,2
939617703,450030429,1,87,2
939617704,450030429,1,84,2
939617705,450030429,1,79,2
939617706,450030429,1,90,2
939617707,450030429,1,89,2
939617708,450030429,1,104,2
939617709,450030429,1,76,2
939617710,450030429,1,92,2
939617711,450030429,1,75,2
939617712,450030429,1,104,2
939617713,450030429,1,87,2
939617714,450030429,1,102,2
939617715,450030429,1,81,2
939617716,450030429,1,87,2
939617717,450030429,1,69,2
939617718,450030429,1,66,2
939617719,450030429,1,83,2
939617720,450030429,1,87,2
939617721,450030429,1,87,2
939617722,450030429,1,78,2
939617723,450030429,1,83,2
939617724,450030429,1,68,2
939617725,450030429,1,76,2
939617726,450030429,1,84,2
939617727,450030429,1,77,2
939617728,450030429,1,98,2
939617729,450030429,1,97,2
939617730,450030429,1,88,2
939617731,450030429,1,75,2
939617732,450030429,1,89,2
939617733,450030429,1,78,2
939617734,450030429,1,92,2
939617735,450030429,1,69,2
939617736,450030429,1,89,2
939617737,450030429,1,65,2
939617738,450030429,1,76,2
939617739,450030429,1,69,2
939617740,450030429,1,81,2
939617741,450030429,1,75,2
939617742,450030429,1,80,2
939617743,450030429,1,76,2
939617744,450030429,1,74,2
939617745,450030429,1,82,2
939617746,450030429,1,84,2
939617747,450030429,1,83,2
939617748,450030429,1,76,2
939617749,450030429,1,93,2
939617750,450030429,1,86,2
939617751,450030429,1,91,2
939617752,450030429,1,95,2
939617753,450030429,1,82,2
939617754,450030429,1,84,2
939617755,450030429,1,79,2
939617756,450030429,1,86,2
939617757,450030429,1,95,2
939617758,450030429,1,74,2
939617759,450030429,1,79,2
939617760,450030429,1,84,2
939617761,450030429,1,82,2
939617762,450030429,1,80,2
939617763,450030429,1,90,2
939617764,450030429,1,85,2
939617765,450030429,1,71,2
939617766,450030429,1,76,2
939617767,450030429,1,76,2
939617768,450030429,1,69,2
939617769,450030429,1,80,2
939617770,450030429,1,75,2
939617771,450030429,1,98,2
940516001,450030429,1,79,1
940516000,450030429,1,79,1
940515999,450030429,1,81,1
940515998,450030429,1,85,1
940515997,450030429,1,99,1
940515996,450030429,1,80,1
940515995,450030429,1,71,1
940515994,450030429,1,76,1
940515993,450030429,1,67,1
940515992,450030429,1,84,1
940515991,450030429,1,92,1
940515990,450030429,1,83,1
940515989,450030429,1,85,1
939617772,450030429,1,85,2
939617773,450030429,1,76,2
939617774,450030429,1,77,2
939617775,450030429,1,86,2
939617776,450030429,1,72,2
939617777,450030429,1,81,2
939617778,450030429,1,69,2
939617779,450030429,1,78,2
939617780,450030429,1,86,2
939617781,450030429,1,87,2
939617782,450030429,1,85,2
939617783,450030429,1,96,2
939617784,450030429,1,89,2
939617785,450030429,1,82,2
939617786,450030429,1,79,2
939617787,450030429,1,94,2
939617788,450030429,1,97,2
939617789,450030429,1,83,2
939617790,450030429,1,88,2
939617791,450030429,1,87,2
940608001,450036369,1,88,1
940608003,450036369,1,67,1
940608054,450036369,1,71,1
940608055,450036369,1,87,1
940608056,450036369,1,89,1
940608057,450036369,1,84,1
940608058,450036369,1,82,1
940608059,450036369,1,84,1
940608060,450036369,1,71,1
940608061,450036369,1,82,1
940608062,450036369,1,71,1
940608063,450036369,1,67,1
940608064,450036369,1,86,1
940608065,450036369,1,70,1
940608066,450036369,1,94,1
940608067,450036369,1,72,1
940608068,450036369,1,76,1
940352882,450036369,1,57,1
940607920,450036369,1,80,1
940607919,450036369,1,73,1
940607918,450036369,1,82,1
940607917,450036369,1,67,1
940607916,450036369,1,73,1
940607915,450036369,1,79,1
940607914,450036369,1,90,1
940607913,450036369,1,73,1
940607912,450036369,1,94,1
940607911,450036369,1,86,1
940607910,450036369,1,79,1
940607909,450036369,1,83,1
940607908,450036369,1,105,1
940607907,450036369,1,86,1
940607906,450036369,1,78,1
940607905,450036369,1,80,1
940607904,450036369,1,87,1
940607903,450036369,1,75,1
940607902,450036369,1,87,1
940607901,450036369,1,76,1
940607970,450036369,1,84,1
940607900,450036369,1,80,1
940607969,450036369,1,65,1
940607968,450036369,1,96,1
940607967,450036369,1,78,1
940607966,450036369,1,85,1
940607965,450036369,1,71,1
940352881,450036369,1,57,1
940352880,450036369,1,56,1
940352879,450036369,1,56,1
940352878,450036369,1,62,1
940352877,450036369,1,42,1
940352876,450036369,1,41,1
940352875,450036369,1,62,1
940352874,450036369,1,44,1
940352873,450036369,1,60,1
940352872,450036369,1,45,1
940352871,450036369,1,60,1
940352870,450036369,1,61,1
940352869,450036369,1,63,1
940352868,450036369,1,64,1
940352867,450036369,1,56,1
940352866,450036369,1,61,1
940352865,450036369,1,34,1
940352864,450036369,1,35,1
940352863,450036369,1,51,1
940352862,450036369,1,61,1
940352861,450036369,1,64,1
940352860,450036369,1,53,1
940352859,450036369,1,37,1
940352858,450036369,1,64,1
940352857,450036369,1,63,1
940352856,450036369,1,26,1
940352855,450036369,1,62,1
940352854,450036369,1,58,1
940352853,450036369,1,58,1
940352852,450036369,1,60,1
940352851,450036369,1,54,1
940352850,450036369,1,56,1
940352849,450036369,1,46,1
940352848,450036369,1,62,1
940352847,450036369,1,28,1
940352846,450036369,1,64,1
940352845,450036369,1,55,1
940352844,450036369,1,51,1
940352843,450036369,1,64,1
939355970,450036369,1,59,2
939355969,450036369,1,57,2
939355968,450036369,1,41,2
939355967,450036369,1,30,2
939355966,450036369,1,25,2
940608034,450036369,1,99,1
940608033,450036369,1,71,1
940608032,450036369,1,91,1
940608031,450036369,1,82,1
940608030,450036369,1,75,1
940608029,450036369,1,99,1
940608028,450036369,1,69,1
940608027,450036369,1,68,1
940608026,450036369,1,88,1
940608025,450036369,1,86,1
940608024,450036369,1,94,1
940608023,450036369,1,71,1
940608022,450036369,1,71,1
940608021,450036369,1,80,1
940608020,450036369,1,80,1
940608019,450036369,1,77,1
940608018,450036369,1,82,1
940608017,450036369,1,78,1
940608016,450036369,1,84,1
940608015,450036369,1,79,1
940608014,450036369,1,86,1
940608013,450036369,1,86,1
940608012,450036369,1,99,1
940608011,450036369,1,76,1
940608010,450036369,1,80,1
940608009,450036369,1,89,1
940608008,450036369,1,93,1
940608007,450036369,1,78,1
940608006,450036369,1,84,1
940608005,450036369,1,89,1
940608004,450036369,1,99,1
940608035,450036369,1,65,1
940608036,450036369,1,88,1
940608037,450036369,1,82,1
940608038,450036369,1,67,1
940608039,450036369,1,88,1
940608040,450036369,1,93,1
940608041,450036369,1,84,1
940608042,450036369,1,82,1
940608043,450036369,1,78,1
940608044,450036369,1,65,1
940608045,450036369,1,84,1
940608046,450036369,1,70,1
940608047,450036369,1,87,1
940608048,450036369,1,89,1
940608049,450036369,1,71,1
940608050,450036369,1,83,1
940608051,450036369,1,86,1
940608052,450036369,1,81,1
940608053,450036369,1,82,1
940607971,450036369,1,84,1
940607972,450036369,1,68,1
940607973,450036369,1,85,1
940607974,450036369,1,85,1
940607975,450036369,1,89,1
940607976,450036369,1,80,1
940607977,450036369,1,90,1
940607978,450036369,1,68,1
940607979,450036369,1,91,1
940607980,450036369,1,70,1
940607981,450036369,1,79,1
940607982,450036369,1,79,1
940607983,450036369,1,78,1
940607984,450036369,1,78,1
940607985,450036369,1,88,1
940607986,450036369,1,88,1
940607987,450036369,1,68,1
940607988,450036369,1,78,1
940607989,450036369,1,78,1
940607990,450036369,1,66,1
940607991,450036369,1,97,1
940607992,450036369,1,96,1
940607993,450036369,1,78,1
940607994,450036369,1,71,1
940607995,450036369,1,95,1
940607996,450036369,1,89,1
940607997,450036369,1,90,1
940607998,450036369,1,79,1
940607999,450036369,1,65,1
940608000,450036369,1,74,1
940608002,450036369,1,75,1
940608069,450036369,1,80,1
940608070,450036369,1,87,1
940608071,450036369,1,78,1
940608072,450036369,1,78,1
940608073,450036369,1,89,1
940608074,450036369,1,66,1
940608075,450036369,1,90,1
939851412,450036369,1,86,2
939851411,450036369,1,92,2
939851410,450036369,1,94,2
940608076,450036369,1,98,1
940608077,450036369,1,88,1
940608078,450036369,1,88,1
940608079,450036369,1,81,1
940608080,450036369,1,76,1
940608081,450036369,1,88,1
940608082,450036369,1,89,1
940608083,450036369,1,100,1
939851409,450036369,1,76,2
939851408,450036369,1,92,2
939851407,450036369,1,88,2
940608084,450036369,1,68,1
940608085,450036369,1,77,1
940608086,450036369,1,76,1
940608087,450036369,1,82,1
940608088,450036369,1,78,1
940608089,450036369,1,85,1
940608090,450036369,1,68,1
940608091,450036369,1,76,1
940608092,450036369,1,87,1
940608093,450036369,1,81,1
940608094,450036369,1,71,1
940608095,450036369,1,66,1
940608096,450036369,1,75,1
940608097,450036369,1,88,1
940608098,450036369,1,90,1
940608099,450036369,1,69,1
940608100,450036369,1,83,1
940608101,450036369,1,77,1
939851406,450036369,1,86,2
939851405,450036369,1,80,2
939851404,450036369,1,84,2
939851403,450036369,1,87,2
939851402,450036369,1,82,2
939851401,450036369,1,90,2
939851400,450036369,1,76,2
939851347,450036369,1,89,2
939851348,450036369,1,75,2
939851349,450036369,1,83,2
939851350,450036369,1,74,2
939851351,450036369,1,94,2
939851352,450036369,1,82,2
939851353,450036369,1,85,2
939851354,450036369,1,68,2
939851355,450036369,1,81,2
939851356,450036369,1,81,2
939851357,450036369,1,74,2
939851358,450036369,1,86,2
939851359,450036369,1,94,2
939851360,450036369,1,83,2
939851361,450036369,1,90,2
939851362,450036369,1,92,2
939851363,450036369,1,95,2
939851364,450036369,1,87,2
939851365,450036369,1,76,2
939851366,450036369,1,87,2
939851367,450036369,1,87,2
939851368,450036369,1,83,2
939851369,450036369,1,84,2
939851370,450036369,1,86,2
939851371,450036369,1,66,2
939851372,450036369,1,87,2
939851373,450036369,1,87,2
939851374,450036369,1,87,2
939851375,450036369,1,80,2
939851376,450036369,1,99,2
939851377,450036369,1,70,2
939851378,450036369,1,88,2
939851379,450036369,1,81,2
939851380,450036369,1,101,2
939851381,450036369,1,96,2
939851382,450036369,1,82,2
939851383,450036369,1,92,2
939851384,450036369,1,86,2
939851385,450036369,1,75,2
940608102,450036369,1,83,1
940608103,450036369,1,75,1
940608104,450036369,1,90,1
940608105,450036369,1,87,1
940608106,450036369,1,74,1
940608107,450036369,1,71,1
940608108,450036369,1,75,1
940608109,450036369,1,70,1
940608110,450036369,1,81,1
940608111,450036369,1,72,1
940608112,450036369,1,75,1
940608113,450036369,1,67,1
940608114,450036369,1,84,1
940608115,450036369,1,84,1
940608116,450036369,1,77,1
940608117,450036369,1,90,1
940608118,450036369,1,65,1
940608119,450036369,1,86,1
940608120,450036369,1,68,1
940608121,450036369,1,72,1
940608122,450036369,1,87,1
940608123,450036369,1,69,1
940608124,450036369,1,87,1
940608125,450036369,1,80,1
940608126,450036369,1,86,1
940608127,450036369,1,87,1
940608128,450036369,1,71,1
940608129,450036369,1,84,1
940608130,450036369,1,76,1
940608131,450036369,1,67,1
940608132,450036369,1,92,1
940608133,450036369,1,76,1
940608134,450036369,1,78,1
940608135,450036369,1,79,1
940608136,450036369,1,76,1
940608137,450036369,1,90,1
940608138,450036369,1,74,1
940608139,450036369,1,79,1
940608140,450036369,1,87,1
940608141,450036369,1,84,1
940608142,450036369,1,67,1
940608143,450036369,1,89,1
940608144,450036369,1,92,1
940608145,450036369,1,85,1
940608146,450036369,1,77,1
940608147,450036369,1,78,1
940608148,450036369,1,75,1
940608149,450036369,1,88,1
940608150,450036369,1,81,1
940608151,450036369,1,69,1
940608152,450036369,1,89,1
940608153,450036369,1,67,1
940608154,450036369,1,83,1
940608155,450036369,1,66,1
940608156,450036369,1,65,1
940608157,450036369,1,79,1
940608158,450036369,1,78,1
940608159,450036369,1,85,1
940608160,450036369,1,87,1
940608161,450036369,1,100,1
940608162,450036369,1,83,1
940608163,450036369,1,89,1
940608164,450036369,1,79,1
940608165,450036369,1,100,1
940608166,450036369,1,82,1
940608167,450036369,1,75,1
940352976,450036369,1,27,1
940352975,450036369,1,63,1
940352974,450036369,1,44,1
940352973,450036369,1,57,1
940352972,450036369,1,55,1
940352971,450036369,1,62,1
940352970,450036369,1,26,1
940352969,450036369,1,48,1
940352968,450036369,1,61,1
940352967,450036369,1,59,1
940352966,450036369,1,64,1
940352965,450036369,1,47,1
940352964,450036369,1,45,1
939851394,450036369,1,77,2
940607964,450036369,1,76,1
940607963,450036369,1,69,1
940607962,450036369,1,87,1
940607961,450036369,1,80,1
940607960,450036369,1,67,1
940607959,450036369,1,67,1
940607958,450036369,1,78,1
940607957,450036369,1,81,1
940607956,450036369,1,87,1
940607955,450036369,1,80,1
940607954,450036369,1,96,1
940607953,450036369,1,75,1
940607952,450036369,1,95,1
940607951,450036369,1,82,1
940607950,450036369,1,93,1
940607949,450036369,1,80,1
940607948,450036369,1,75,1
940607947,450036369,1,77,1
940607946,450036369,1,92,1
940607945,450036369,1,76,1
940607944,450036369,1,74,1
940607943,450036369,1,89,1
940607942,450036369,1,78,1
940607941,450036369,1,78,1
940607940,450036369,1,77,1
940607939,450036369,1,77,1
940607938,450036369,1,99,1
940607937,450036369,1,72,1
940352963,450036369,1,51,1
940352962,450036369,1,61,1
940352961,450036369,1,55,1
940352960,450036369,1,47,1
940352959,450036369,1,40,1
940352958,450036369,1,54,1
940352957,450036369,1,45,1
940352956,450036369,1,57,1
940352955,450036369,1,58,1
940352954,450036369,1,55,1
940352953,450036369,1,47,1
940352952,450036369,1,62,1
940352951,450036369,1,48,1
940352950,450036369,1,25,1
940352949,450036369,1,38,1
940352948,450036369,1,57,1
940352947,450036369,1,28,1
940352946,450036369,1,40,1
940352945,450036369,1,63,1
940352944,450036369,1,47,1
940352943,450036369,1,41,1
940352942,450036369,1,53,1
940352941,450036369,1,58,1
940352940,450036369,1,59,1
940352939,450036369,1,62,1
940352938,450036369,1,53,1
940352937,450036369,1,52,1
940352936,450036369,1,62,1
940352935,450036369,1,62,1
940352934,450036369,1,64,1
940352933,450036369,1,56,1
940352932,450036369,1,63,1
940352931,450036369,1,60,1
940352930,450036369,1,64,1
940352929,450036369,1,64,1
940352928,450036369,1,62,1
940352927,450036369,1,56,1
940352926,450036369,1,63,1
940352925,450036369,1,31,1
940352924,450036369,1,60,1
940352923,450036369,1,54,1
940352922,450036369,1,57,1
940352921,450036369,1,59,1
940352920,450036369,1,58,1
940352919,450036369,1,54,1
940352918,450036369,1,28,1
940352917,450036369,1,60,1
940352916,450036369,1,51,1
940352915,450036369,1,40,1
940352914,450036369,1,61,1
940352913,450036369,1,36,1
940352912,450036369,1,59,1
940352911,450036369,1,60,1
940352910,450036369,1,64,1
940352909,450036369,1,57,1
940352908,450036369,1,61,1
940352907,450036369,1,55,1
940352906,450036369,1,36,1
940352905,450036369,1,63,1
940352904,450036369,1,64,1
940352903,450036369,1,41,1
940352902,450036369,1,60,1
940352901,450036369,1,63,1
940352900,450036369,1,60,1
940352899,450036369,1,64,1
940352898,450036369,1,32,1
940352897,450036369,1,62,1
940352896,450036369,1,35,1
939851386,450036369,1,87,2
939851387,450036369,1,80,2
939851388,450036369,1,86,2
939851389,450036369,1,85,2
939851390,450036369,1,81,2
939851391,450036369,1,67,2
939851392,450036369,1,97,2
939851393,450036369,1,74,2
939851399,450036369,1,76,2
939851398,450036369,1,89,2
939851397,450036369,1,92,2
939851396,450036369,1,91,2
939851395,450036369,1,84,2
940352895,450036369,1,59,1
940352894,450036369,1,63,1
940352893,450036369,1,58,1
940352892,450036369,1,60,1
940352891,450036369,1,52,1
940352890,450036369,1,60,1
940352889,450036369,1,52,1
940352888,450036369,1,53,1
940352887,450036369,1,51,1
940352886,450036369,1,61,1
940352885,450036369,1,25,1
940352884,450036369,1,40,1
940607936,450036369,1,79,1
940607935,450036369,1,74,1
940607934,450036369,1,85,1
940607933,450036369,1,90,1
940607932,450036369,1,81,1
940607931,450036369,1,82,1
940607930,450036369,1,75,1
940607929,450036369,1,85,1
940607928,450036369,1,79,1
940607927,450036369,1,86,1
940607926,450036369,1,69,1
940607925,450036369,1,76,1
940607924,450036369,1,76,1
940607923,450036369,1,85,1
940607922,450036369,1,86,1
940607921,450036369,1,88,1
940352883,450036369,1,63,1
940217265,450046419,1,99,2
939302488,450046419,1,46,2
940755274,450046419,1,82,1
940755275,450046419,1,65,1
940755281,450046419,1,68,1
940755282,450046419,1,84,1
940217256,450046419,1,79,2
940755276,450046419,1,82,1
940217264,450046419,1,80,2
940217263,450046419,1,90,2
940217262,450046419,1,84,2
940217261,450046419,1,78,2
940217260,450046419,1,80,2
940217259,450046419,1,76,2
940217258,450046419,1,75,2
940217257,450046419,1,72,2
940755277,450046419,1,75,1
940755278,450046419,1,81,1
940755279,450046419,1,76,1
939302486,450046419,1,42,2
940755280,450046419,1,75,1
939302487,450046419,1,63,2
940217278,450046419,1,83,2
940217277,450046419,1,79,2
940217276,450046419,1,78,2
939302484,450046419,1,61,2
939302485,450046419,1,61,2
940217275,450046419,1,92,2
940217274,450046419,1,88,2
940217273,450046419,1,74,2
940217272,450046419,1,71,2
940217271,450046419,1,87,2
940217270,450046419,1,84,2
940217269,450046419,1,94,2
940217268,450046419,1,86,2
940217267,450046419,1,80,2
940217266,450046419,1,75,2
939851423,450036370,1,87,2
939851422,450036370,1,72,2
939851421,450036370,1,67,2
939851420,450036370,1,71,2
939851419,450036370,1,93,2
939355971,450036370,1,39,2
939851418,450036370,1,88,2
939851417,450036370,1,77,2
939851416,450036370,1,80,2
939851415,450036370,1,87,2
939851414,450036370,1,86,2
939851413,450036370,1,71,2
940608168,450036370,1,76,1
940608169,450036370,1,83,1
940608170,450036370,1,94,1
940352977,450036370,1,59,1
939851432,450036370,1,98,2
939851431,450036370,1,89,2
939851437,450036370,1,81,2
939851436,450036370,1,79,2
939851435,450036370,1,89,2
939851434,450036370,1,87,2
939851433,450036370,1,90,2
939851430,450036370,1,90,2
939851429,450036370,1,76,2
939851428,450036370,1,92,2
939851427,450036370,1,83,2
939851426,450036370,1,85,2
939851425,450036370,1,78,2
939851424,450036370,1,95,2
939851455,450036371,1,78,2
939851456,450036371,1,81,2
939851457,450036371,1,74,2
939851458,450036371,1,77,2
939851444,450036371,1,93,2
939851445,450036371,1,85,2
939851459,450036371,1,85,2
939851438,450036371,1,92,2
939851449,450036371,1,85,2
939851450,450036371,1,72,2
939851451,450036371,1,77,2
939851452,450036371,1,84,2
939851453,450036371,1,87,2
939851441,450036371,1,98,2
939851440,450036371,1,83,2
940608173,450036371,1,72,1
939851443,450036371,1,90,2
939851442,450036371,1,71,2
939851439,450036371,1,86,2
940608172,450036371,1,69,1
940608171,450036371,1,99,1
939355972,450036371,1,62,2
939851462,450036371,1,78,2
939851461,450036371,1,94,2
939851460,450036371,1,75,2
939851446,450036371,1,74,2
939851447,450036371,1,75,2
939851448,450036371,1,93,2
939851454,450036371,1,90,2
940699384,450042395,1,65,1
939320984,450042395,1,48,2
940086740,450042395,1,82,2
940086741,450042395,1,85,2
940086742,450042395,1,105,2
940086743,450042395,1,90,2
940086744,450042395,1,89,2
940086745,450042395,1,82,2
940086746,450042395,1,86,2
940086747,450042395,1,97,2
940086748,450042395,1,88,2
940086749,450042395,1,83,2
940086750,450042395,1,85,2
940086751,450042395,1,77,2
940086752,450042395,1,87,2
940086753,450042395,1,70,2
940086754,450042395,1,90,2
940086755,450042395,1,78,2
940086756,450042395,1,85,2
940086757,450042395,1,73,2
940086758,450042395,1,80,2
940086759,450042395,1,103,2
940086760,450042395,1,66,2
940086761,450042395,1,80,2
940086762,450042395,1,75,2
940086763,450042395,1,88,2
940699386,450042395,1,86,1
940699385,450042395,1,79,1
940001263,450040304,1,87,2
940001262,450040304,1,98,2
940001261,450040304,1,77,2
940001260,450040304,1,89,2
939328291,450040304,1,63,2
940001265,450040304,1,90,2
940001266,450040304,1,83,2
940001267,450040304,1,97,2
940001268,450040304,1,88,2
940001269,450040304,1,85,2
940001270,450040304,1,89,2
940001264,450040304,1,101,2
940043236,450041326,1,94,2
940043234,450041326,1,89,2
940043233,450041326,1,87,2
940043232,450041326,1,78,2
940043231,450041326,1,72,2
940043230,450041326,1,75,2
940043229,450041326,1,90,2
939327252,450041326,1,60,2
940043238,450041326,1,78,2
940043237,450041326,1,83,2
940043235,450041326,1,86,2
942585453,450021904,1,37,1
942585452,450021904,1,19,1
942585455,450021905,1,34,2
942585456,450021905,1,19,2
942585454,450021905,1,20,2
942585457,450021905,1,28,2
942585348,450008708,1,52,1
942585402,450008708,1,32,1
942585401,450008708,1,36,1
942585400,450008708,1,27,1
942585399,450008708,1,23,1
942585398,450008708,1,50,1
942585397,450008708,1,30,1
942585396,450008708,1,46,1
942585395,450008708,1,41,1
942585394,450008708,1,41,1
942585393,450008708,1,22,1
942585392,450008708,1,53,1
942585391,450008708,1,36,1
942585390,450008708,1,40,1
942585389,450008708,1,52,1
942585388,450008708,1,29,1
942585387,450008708,1,49,1
942585386,450008708,1,59,1
942585385,450008708,1,28,1
942585384,450008708,1,34,1
942585383,450008708,1,32,1
942585382,450008708,1,20,1
942585381,450008708,1,57,1
942585380,450008708,1,51,1
942585379,450008708,1,60,1
942585378,450008708,1,25,1
942585377,450008708,1,28,1
942585376,450008708,1,42,1
942585375,450008708,1,23,1
942585374,450008708,1,31,1
942585373,450008708,1,29,1
942585372,450008708,1,43,1
942585371,450008708,1,34,1
942585370,450008708,1,38,1
942585369,450008708,1,36,1
942585368,450008708,1,44,1
942585367,450008708,1,40,1
942585366,450008708,1,49,1
942585365,450008708,1,25,1
942585364,450008708,1,47,1
942585363,450008708,1,46,1
942585362,450008708,1,34,1
942585361,450008708,1,32,1
942585360,450008708,1,25,1
942585359,450008708,1,20,1
942585358,450008708,1,18,1
942585357,450008708,1,26,1
942585356,450008708,1,26,1
942585355,450008708,1,39,1
942585354,450008708,1,20,1
942585353,450008708,1,31,1
942585352,450008708,1,54,1
942585351,450008708,1,21,1
942585350,450008708,1,41,1
942585349,450008708,1,37,1
942585347,450008708,1,54,1
942585346,450008708,1,44,1
942585345,450008708,1,37,1
942585344,450008708,1,34,1
942585343,450008708,1,43,1
942585342,450008708,1,59,1
942585341,450008708,1,30,1
942585340,450008708,1,33,1
942585339,450008708,1,33,1
942585338,450008708,1,20,1
942585337,450008708,1,35,1
942585336,450008708,1,20,1
942585335,450008708,1,34,1
942585334,450008708,1,40,1
942585333,450008708,1,21,1
942585332,450008708,1,36,1
942585331,450008708,1,28,1
942585330,450008708,1,24,1
942585329,450008708,1,32,1
942585328,450008708,1,29,1
942585327,450008708,1,31,1
942585326,450008708,1,41,1
942585325,450008708,1,30,1
942585324,450008708,1,37,1
942585323,450008708,1,34,1
942585322,450008708,1,34,1
942585321,450008708,1,38,1
942585320,450008708,1,63,1
942585319,450008708,1,32,1
942585318,450008708,1,37,1
942585317,450008708,1,47,1
942585316,450008708,1,29,1
942585315,450008708,1,34,1
942585314,450008708,1,25,1
942585313,450008708,1,37,1
942585312,450008708,1,53,1
942585311,450008708,1,28,1
942585310,450008708,1,47,1
942585309,450008708,1,23,1
942585308,450008708,1,22,1
942585307,450008708,1,22,1
942585306,450008708,1,40,1
942585305,450008708,1,52,1
942585304,450008708,1,34,1
942585303,450008708,1,36,1
942585302,450008708,1,26,1
942585301,450008708,1,25,1
942585300,450008708,1,38,1
942585299,450008708,1,56,1
942585298,450008708,1,27,1
942585297,450008708,1,32,1
942585296,450008708,1,54,1
942585295,450008708,1,27,1
942585294,450008708,1,52,1
942585293,450008708,1,25,1
942585292,450008708,1,39,1
942585291,450008708,1,48,1
942585290,450008708,1,39,1
942585289,450008708,1,27,1
942585288,450008708,1,39,1
942585287,450008708,1,51,1
942585286,450008708,1,34,1
942585285,450008708,1,45,1
942585284,450008708,1,25,1
942585283,450008708,1,39,1
942585282,450008708,1,26,1
942585281,450008708,1,34,1
942585280,450008708,1,24,1
942585279,450008708,1,52,1
942585278,450008708,1,45,1
942585277,450008708,1,19,1
942585276,450008708,1,20,1
942585275,450008708,1,31,1
942585274,450008708,1,51,1
942585273,450008708,1,39,1
942585272,450008708,1,61,1
942585271,450008708,1,28,1
942585270,450008708,1,26,1
942585269,450008708,1,49,1
942585268,450008708,1,27,1
942585267,450008708,1,55,1
942585266,450008708,1,39,1
942585265,450008708,1,30,1
942585264,450008708,1,25,1
942585263,450008708,1,48,1
942585262,450008708,1,32,1
942585261,450008708,1,40,1
942585260,450008708,1,48,1
942585259,450008708,1,36,1
942585258,450008708,1,34,1
942585257,450008708,1,49,1
942585256,450008708,1,23,1
942585255,450008708,1,48,1
942585254,450008708,1,32,1
942585253,450008708,1,30,1
942585252,450008708,1,27,1
942585251,450008708,1,42,1
942585250,450008708,1,25,1
942585249,450008708,1,27,1
942585248,450008708,1,56,1
942585247,450008708,1,27,1
942585246,450008708,1,49,1
942585245,450008708,1,40,1
942585244,450008708,1,21,1
942585243,450008708,1,27,1
942585242,450008708,1,63,1
942585241,450008708,1,44,1
942585240,450008708,1,23,1
942585239,450008708,1,39,1
942585238,450008708,1,41,1
942585237,450008708,1,44,1
942585236,450008708,1,25,1
942585235,450008708,1,39,1
942585234,450008708,1,42,1
942585233,450008708,1,40,1
942585232,450008708,1,48,1
942585231,450008708,1,27,1
942585230,450008708,1,22,1
942585229,450008708,1,44,1
942585228,450008708,1,29,1
942585227,450008708,1,51,1
942585226,450008708,1,44,1
942585225,450008708,1,44,1
942585224,450008708,1,46,1
942585223,450008708,1,31,1
942585222,450008708,1,47,1
942585221,450008708,1,25,1
942585220,450008708,1,49,1
942585219,450008708,1,57,1
942585218,450008708,1,25,1
942585217,450008708,1,20,1
942585216,450008708,1,47,1
942585215,450008708,1,42,1
942585214,450008708,1,22,1
942585213,450008708,1,30,1
942585212,450008708,1,22,1
942585211,450008708,1,41,1
942585210,450008708,1,27,1
942585209,450008708,1,56,1
942585208,450008708,1,35,1
942585207,450008708,1,26,1
942585206,450008708,1,45,1
942585205,450008708,1,47,1
942585204,450008708,1,59,1
942585203,450008708,1,28,1
942585202,450008708,1,40,1
942585201,450008708,1,21,1
942585200,450008708,1,27,1
942585199,450008708,1,20,1
942585198,450008708,1,35,1
942585197,450008708,1,42,1
942585196,450008708,1,30,1
942585195,450008708,1,46,1
942585194,450008708,1,21,1
942585193,450008708,1,23,1
942585192,450008708,1,47,1
942585191,450008708,1,46,1
942585190,450008708,1,40,1
942585189,450008708,1,48,1
942585188,450008708,1,54,1
942585187,450008708,1,33,1
942585186,450008708,1,44,1
942585185,450008708,1,32,1
942585184,450008708,1,27,1
942585183,450008708,1,48,1
942585182,450008708,1,20,1
942585181,450008708,1,27,1
942585180,450008708,1,25,1
942585179,450008708,1,31,1
942585178,450008708,1,36,1
942585177,450008708,1,41,1
942585437,450021906,1,40,2
942585403,450021906,1,38,2
942585404,450021906,1,43,2
942585405,450021906,1,30,2
942585406,450021906,1,28,2
942585407,450021906,1,41,2
942585408,450021906,1,55,2
942585409,450021906,1,27,2
942585410,450021906,1,48,2
942585411,450021906,1,49,2
942585412,450021906,1,47,2
942585413,450021906,1,20,2
942585414,450021906,1,26,2
942585415,450021906,1,36,2
942585416,450021906,1,43,2
942585417,450021906,1,34,2
942585418,450021906,1,41,2
942585419,450021906,1,23,2
942585420,450021906,1,52,2
942585421,450021906,1,29,2
942585422,450021906,1,39,2
942585423,450021906,1,31,2
942585424,450021906,1,23,2
942585425,450021906,1,38,2
942585426,450021906,1,45,2
942585427,450021906,1,49,2
942585428,450021906,1,29,2
942585429,450021906,1,51,2
942585430,450021906,1,38,2
942585431,450021906,1,39,2
942585432,450021906,1,39,2
942585433,450021906,1,40,2
942585434,450021906,1,33,2
942585435,450021906,1,25,2
942585436,450021906,1,50,2
942585438,450021906,1,26,2
942585439,450021906,1,37,2
942585440,450021906,1,41,2
942585441,450021906,1,40,2
942585442,450021906,1,41,2
942585443,450021906,1,42,2
942585444,450021906,1,35,2
942585445,450021906,1,23,2
942585446,450021906,1,31,2
942585447,450021906,1,27,2
942585448,450021906,1,34,2
942585449,450021906,1,48,2
942585450,450021906,1,53,2
942585451,450021906,1,27,2
939617670,450030430,1,86,2
939617669,450030430,1,66,2
939617668,450030430,1,86,2
939617667,450030430,1,90,2
939617666,450030430,1,85,2
939617654,450030430,1,79,2
939617655,450030430,1,79,2
939617656,450030430,1,73,2
939617657,450030430,1,81,2
939617658,450030430,1,76,2
939617675,450030430,1,93,2
940319491,450030430,1,64,1
940319492,450030430,1,56,1
940319493,450030430,1,62,1
940319494,450030430,1,30,1
939617674,450030430,1,92,2
940319495,450030430,1,53,1
939340790,450030430,1,27,2
939340791,450030430,1,64,2
939617673,450030430,1,81,2
939617672,450030430,1,83,2
939617671,450030430,1,85,2
939617665,450030430,1,66,2
939617659,450030430,1,93,2
939617660,450030430,1,93,2
939617661,450030430,1,92,2
939617662,450030430,1,100,2
939617663,450030430,1,99,2
939617664,450030430,1,83,2
939340792,450030430,1,47,2
939340793,450030430,1,57,2
940515988,450030430,1,67,1
940515987,450030430,1,98,1
940515986,450030430,1,86,1
940515985,450030430,1,76,1
940515984,450030430,1,92,1
940515983,450030430,1,86,1
940515982,450030430,1,84,1
940515981,450030430,1,71,1
940515980,450030430,1,82,1
940515979,450030430,1,77,1
940515978,450030430,1,81,1
940515977,450030430,1,96,1
939617627,450030430,1,96,2
939617628,450030430,1,104,2
939617629,450030430,1,76,2
939617630,450030430,1,80,2
939617631,450030430,1,85,2
939617632,450030430,1,91,2
939617633,450030430,1,91,2
939617634,450030430,1,65,2
939617635,450030430,1,78,2
939617636,450030430,1,90,2
939617637,450030430,1,77,2
939617638,450030430,1,87,2
939617639,450030430,1,66,2
939617640,450030430,1,89,2
939617641,450030430,1,81,2
939617642,450030430,1,76,2
939617643,450030430,1,84,2
939617644,450030430,1,82,2
939617645,450030430,1,79,2
939617646,450030430,1,76,2
939617647,450030430,1,90,2
939617648,450030430,1,96,2
939617649,450030430,1,89,2
939617650,450030430,1,91,2
939617651,450030430,1,84,2
939617652,450030430,1,71,2
939617653,450030430,1,77,2
940631003,450037907,1,79,1
940631007,450037907,1,86,1
940631006,450037907,1,76,1
940631005,450037907,1,86,1
940631004,450037907,1,90,1
940631002,450037907,1,86,1
940631001,450037907,1,69,1
940631000,450037907,1,66,1
940630999,450037907,1,80,1
940630998,450037907,1,97,1
940630997,450037907,1,76,1
939910970,450037907,1,85,2
939910969,450037907,1,87,2
939910968,450037907,1,87,2
939910967,450037907,1,79,2
939910966,450037907,1,77,2
939910965,450037907,1,89,2
939910964,450037907,1,73,2
939910963,450037907,1,94,2
939910962,450037907,1,94,2
939910961,450037907,1,100,2
939910960,450037907,1,101,2
939910959,450037907,1,69,2
939910958,450037907,1,91,2
939910957,450037907,1,83,2
939910956,450037907,1,88,2
939910955,450037907,1,84,2
939910954,450037907,1,95,2
939910953,450037907,1,95,2
939910952,450037907,1,93,2
939910951,450037907,1,88,2
939910950,450037907,1,77,2
939910949,450037907,1,89,2
939910948,450037907,1,88,2
939910947,450037907,1,95,2
939910946,450037907,1,82,2
939910945,450037907,1,86,2
939910944,450037907,1,84,2
939910943,450037907,1,73,2
939910942,450037907,1,85,2
939910941,450037907,1,84,2
939910940,450037907,1,90,2
939910939,450037907,1,85,2
939910938,450037907,1,89,2
939910937,450037907,1,105,2
939910936,450037907,1,90,2
939910935,450037907,1,69,2
939910934,450037907,1,85,2
939910933,450037907,1,76,2
939910922,450037907,1,83,2
939910923,450037907,1,89,2
939910924,450037907,1,76,2
939910925,450037907,1,87,2
939910926,450037907,1,88,2
939910927,450037907,1,94,2
939910928,450037907,1,87,2
939910929,450037907,1,71,2
939910930,450037907,1,85,2
939910931,450037907,1,70,2
939910932,450037907,1,91,2
939348697,450037907,1,40,2
939348696,450037907,1,47,2
939348695,450037907,1,64,2
939348694,450037907,1,49,2
940360902,450037907,1,57,1
940360903,450037907,1,46,1
940360904,450037907,1,50,1
940360905,450037907,1,57,1
940360906,450037907,1,45,1
939617803,450030431,1,100,2
939617793,450030431,1,77,2
939617808,450030431,1,92,2
940516002,450030431,1,76,1
940516003,450030431,1,100,1
940516004,450030431,1,89,1
940516005,450030431,1,70,1
940516006,450030431,1,90,1
939617809,450030431,1,72,2
939617807,450030431,1,71,2
939617806,450030431,1,86,2
939617805,450030431,1,81,2
939617804,450030431,1,76,2
939617802,450030431,1,66,2
939617801,450030431,1,83,2
939617800,450030431,1,82,2
939617799,450030431,1,103,2
939617798,450030431,1,90,2
939617797,450030431,1,100,2
939617796,450030431,1,94,2
939617810,450030431,1,88,2
939617811,450030431,1,88,2
939617812,450030431,1,88,2
939617813,450030431,1,95,2
939617814,450030431,1,89,2
939617815,450030431,1,76,2
939617816,450030431,1,84,2
939617817,450030431,1,77,2
939617818,450030431,1,91,2
939617819,450030431,1,88,2
939617820,450030431,1,90,2
940516007,450030431,1,76,1
940516008,450030431,1,67,1
940516009,450030431,1,85,1
940319496,450030431,1,40,1
939617795,450030431,1,94,2
939617794,450030431,1,90,2
939340794,450030431,1,59,2
940608184,450036372,1,70,1
939851492,450036372,1,96,2
939851496,450036372,1,86,2
939851500,450036372,1,76,2
939851499,450036372,1,82,2
940608183,450036372,1,100,1
940608182,450036372,1,86,1
939851490,450036372,1,93,2
939851510,450036372,1,80,2
939851511,450036372,1,85,2
939851512,450036372,1,81,2
939851485,450036372,1,75,2
939851508,450036372,1,97,2
939851493,450036372,1,96,2
939851507,450036372,1,90,2
939851506,450036372,1,79,2
939851509,450036372,1,67,2
939851505,450036372,1,88,2
939851491,450036372,1,89,2
939851487,450036372,1,93,2
940352978,450036372,1,56,1
939851504,450036372,1,85,2
939851503,450036372,1,92,2
939851494,450036372,1,79,2
939851495,450036372,1,76,2
939851502,450036372,1,87,2
939851501,450036372,1,85,2
939851488,450036372,1,84,2
939851497,450036372,1,87,2
939851498,450036372,1,85,2
940608189,450036372,1,76,1
940608188,450036372,1,75,1
940608187,450036372,1,81,1
940608186,450036372,1,70,1
940608185,450036372,1,80,1
939851486,450036372,1,80,2
939851489,450036372,1,92,2
939355973,450036372,1,54,2
939851531,450036373,1,83,2
939851526,450036373,1,93,2
939851525,450036373,1,77,2
939851539,450036373,1,79,2
939851517,450036373,1,86,2
939851518,450036373,1,81,2
940608197,450036373,1,87,1
940608196,450036373,1,67,1
940608195,450036373,1,90,1
940608194,450036373,1,70,1
940608193,450036373,1,79,1
940608192,450036373,1,83,1
940608191,450036373,1,79,1
940608190,450036373,1,74,1
939851522,450036373,1,88,2
939851524,450036373,1,82,2
939851521,450036373,1,87,2
939851530,450036373,1,73,2
939851532,450036373,1,70,2
939851533,450036373,1,90,2
939851534,450036373,1,98,2
939851535,450036373,1,89,2
939851536,450036373,1,96,2
939851537,450036373,1,82,2
939851538,450036373,1,85,2
939851520,450036373,1,87,2
939355974,450036373,1,38,2
939851528,450036373,1,105,2
939851529,450036373,1,85,2
939851519,450036373,1,87,2
939851514,450036373,1,89,2
939851515,450036373,1,68,2
939851516,450036373,1,77,2
939851513,450036373,1,87,2
939851523,450036373,1,83,2
939851540,450036373,1,88,2
939851527,450036373,1,94,2
940043258,450041327,1,95,2
940043242,450041327,1,89,2
940043241,450041327,1,85,2
940043240,450041327,1,83,2
940043257,450041327,1,86,2
940043239,450041327,1,87,2
940682639,450041327,1,79,1
940682638,450041327,1,98,1
940043256,450041327,1,96,2
940043255,450041327,1,73,2
940043254,450041327,1,90,2
940043253,450041327,1,83,2
940043252,450041327,1,82,2
940043251,450041327,1,84,2
940043250,450041327,1,85,2
940043249,450041327,1,93,2
940043248,450041327,1,92,2
940682637,450041327,1,89,1
940682641,450041327,1,80,1
940682640,450041327,1,87,1
940043247,450041327,1,65,2
940043263,450041327,1,90,2
940043262,450041327,1,84,2
940043246,450041327,1,82,2
940043261,450041327,1,98,2
940043245,450041327,1,89,2
940043244,450041327,1,89,2
940043243,450041327,1,89,2
940043260,450041327,1,84,2
940043259,450041327,1,82,2
940755192,450046420,1,75,1
940755215,450046420,1,84,1
940755216,450046420,1,84,1
940217240,450046420,1,97,2
940217239,450046420,1,76,2
940217238,450046420,1,81,2
940755190,450046420,1,67,1
940755189,450046420,1,81,1
940755188,450046420,1,66,1
940755187,450046420,1,84,1
940755186,450046420,1,67,1
940755185,450046420,1,82,1
940755184,450046420,1,93,1
940755183,450046420,1,82,1
940217219,450046420,1,89,2
940217218,450046420,1,79,2
940755217,450046420,1,72,1
940755218,450046420,1,71,1
940755219,450046420,1,87,1
940755220,450046420,1,77,1
940755221,450046420,1,72,1
940755222,450046420,1,74,1
940755223,450046420,1,89,1
940217145,450046420,1,65,2
940217144,450046420,1,92,2
940217207,450046420,1,66,2
940217208,450046420,1,81,2
940217209,450046420,1,86,2
940217210,450046420,1,80,2
940217211,450046420,1,74,2
940217212,450046420,1,75,2
940217213,450046420,1,80,2
940217214,450046420,1,100,2
940217217,450046420,1,76,2
940217241,450046420,1,89,2
940217201,450046420,1,87,2
940217204,450046420,1,78,2
940217203,450046420,1,73,2
940217205,450046420,1,87,2
940217206,450046420,1,85,2
940217242,450046420,1,83,2
940217237,450046420,1,87,2
940217236,450046420,1,92,2
940217235,450046420,1,76,2
940217202,450046420,1,105,2
940217215,450046420,1,90,2
940217216,450046420,1,76,2
940217146,450046420,1,99,2
940217147,450046420,1,68,2
940217148,450046420,1,76,2
940217149,450046420,1,85,2
940217150,450046420,1,88,2
940217151,450046420,1,77,2
940217152,450046420,1,74,2
940217153,450046420,1,92,2
940217154,450046420,1,83,2
940217155,450046420,1,88,2
940217156,450046420,1,86,2
940217199,450046420,1,85,2
940217198,450046420,1,65,2
940217157,450046420,1,100,2
940217158,450046420,1,82,2
940217159,450046420,1,89,2
940217160,450046420,1,75,2
940217161,450046420,1,70,2
940217162,450046420,1,84,2
940217163,450046420,1,95,2
940217164,450046420,1,100,2
940217165,450046420,1,90,2
940217166,450046420,1,90,2
940217167,450046420,1,76,2
940217168,450046420,1,77,2
940217169,450046420,1,85,2
940217170,450046420,1,88,2
940217171,450046420,1,88,2
940217172,450046420,1,80,2
940217173,450046420,1,83,2
940217174,450046420,1,85,2
940217175,450046420,1,68,2
940217176,450046420,1,79,2
940217177,450046420,1,95,2
940217178,450046420,1,75,2
940217197,450046420,1,95,2
940217196,450046420,1,94,2
940217195,450046420,1,80,2
940217194,450046420,1,92,2
940217193,450046420,1,89,2
940217192,450046420,1,70,2
940217191,450046420,1,91,2
940217190,450046420,1,94,2
940409733,450046420,1,36,1
940409732,450046420,1,30,1
940409731,450046420,1,39,1
940217179,450046420,1,87,2
940217234,450046420,1,104,2
940217189,450046420,1,67,2
940217188,450046420,1,85,2
940217187,450046420,1,90,2
940217186,450046420,1,100,2
940217185,450046420,1,78,2
940217184,450046420,1,88,2
940217183,450046420,1,89,2
940217182,450046420,1,101,2
940217180,450046420,1,97,2
940217181,450046420,1,88,2
940217233,450046420,1,79,2
940217232,450046420,1,89,2
940217200,450046420,1,79,2
940217231,450046420,1,87,2
940217230,450046420,1,94,2
940217229,450046420,1,79,2
940217228,450046420,1,86,2
940217227,450046420,1,75,2
940217226,450046420,1,65,2
940217225,450046420,1,90,2
940217224,450046420,1,75,2
940217223,450046420,1,76,2
940755214,450046420,1,66,1
940755213,450046420,1,79,1
940755212,450046420,1,82,1
940755211,450046420,1,99,1
940755210,450046420,1,88,1
940755209,450046420,1,79,1
940755208,450046420,1,69,1
940755207,450046420,1,74,1
940755206,450046420,1,74,1
940755205,450046420,1,89,1
940217222,450046420,1,88,2
940217221,450046420,1,90,2
940217220,450046420,1,86,2
940755204,450046420,1,87,1
940755203,450046420,1,75,1
940755202,450046420,1,81,1
940755201,450046420,1,66,1
940755200,450046420,1,75,1
940755199,450046420,1,80,1
940755198,450046420,1,80,1
940755197,450046420,1,88,1
940755196,450046420,1,76,1
940755195,450046420,1,82,1
940755194,450046420,1,79,1
940755193,450046420,1,89,1
940755191,450046420,1,66,1
942575631,450021907,1,16,2
942575634,450021907,1,58,2
942575630,450021907,1,14,2
942575633,450021907,1,29,2
942575632,450021907,1,17,2
940607857,450036374,1,89,1
939851190,450036374,1,72,2
940352819,450036374,1,44,1
940352820,450036374,1,48,1
940607859,450036374,1,85,1
940607858,450036374,1,76,1
939355946,450036374,1,63,2
940352821,450036375,1,24,1
940607861,450036375,1,77,1
940352822,450036375,1,62,1
939851191,450036375,1,83,2
939355947,450036375,1,42,2
940607860,450036375,1,81,1
940607862,450036375,1,87,1
940352824,450036376,1,56,1
940607863,450036376,1,79,1
939851192,450036376,1,68,2
939355948,450036376,1,52,2
940352823,450036376,1,57,1
940367928,450039248,1,45,1
940367932,450039248,1,62,1
940367930,450039248,1,52,1
939334610,450039248,1,59,2
940367929,450039248,1,63,1
940367931,450039248,1,58,1
940367927,450039248,1,47,1
939957386,450039248,1,85,2
939957387,450039248,1,88,2
939334609,450039248,1,61,2
939334611,450039248,1,54,2
940649374,450039248,1,77,1
942587044,450021908,1,17,1
942587043,450021908,1,17,1
942587046,450021908,1,17,1
942587045,450021908,1,16,1
938356129,450003528,1,22,2
938355844,450003528,1,18,1
938355845,450003528,1,21,1
938355846,450003528,1,19,1
938355847,450003528,1,19,1
938355848,450003528,1,21,1
938355849,450003528,1,19,1
938355850,450003528,1,19,1
938355851,450003528,1,19,1
938355852,450003528,1,19,1
938355853,450003528,1,18,1
938355854,450003528,1,19,1
938355855,450003528,1,20,1
938355856,450003528,1,19,1
938355857,450003528,1,23,1
938355858,450003528,1,19,1
938355859,450003528,1,22,1
938355860,450003528,1,22,1
938355890,450003528,1,22,1
938355889,450003528,1,19,1
938355888,450003528,1,19,1
938355887,450003528,1,20,1
938355886,450003528,1,19,1
938355885,450003528,1,20,1
938355884,450003528,1,19,1
938355883,450003528,1,19,1
938355882,450003528,1,21,1
938355881,450003528,1,19,1
938355880,450003528,1,18,1
938355879,450003528,1,21,1
938355878,450003528,1,20,1
938355877,450003528,1,18,1
938355876,450003528,1,29,1
938355875,450003528,1,24,1
938355874,450003528,1,24,1
938355873,450003528,1,18,1
938355872,450003528,1,24,1
938355871,450003528,1,21,1
938355870,450003528,1,19,1
938355869,450003528,1,24,1
938355868,450003528,1,22,1
938355867,450003528,1,19,1
938355866,450003528,1,18,1
938355865,450003528,1,22,1
938355864,450003528,1,19,1
938355863,450003528,1,21,1
938355862,450003528,1,21,1
938355861,450003528,1,19,1
938356253,450003528,1,19,2
938356252,450003528,1,22,2
938356251,450003528,1,23,2
938356250,450003528,1,18,2
938356249,450003528,1,21,2
938356248,450003528,1,20,2
938356247,450003528,1,19,2
938356246,450003528,1,22,2
938356245,450003528,1,21,2
938356244,450003528,1,19,2
938356243,450003528,1,20,2
938356242,450003528,1,22,2
938356241,450003528,1,19,2
938356240,450003528,1,18,2
938356239,450003528,1,21,2
938356238,450003528,1,23,2
938356237,450003528,1,21,2
938356236,450003528,1,33,2
938356235,450003528,1,22,2
938356234,450003528,1,31,2
938356233,450003528,1,18,2
938356232,450003528,1,28,2
938356231,450003528,1,19,2
938356230,450003528,1,19,2
938356229,450003528,1,19,2
938356228,450003528,1,19,2
938356227,450003528,1,19,2
938356226,450003528,1,18,2
938356225,450003528,1,19,2
938356224,450003528,1,19,2
938356223,450003528,1,18,2
938356222,450003528,1,19,2
938356221,450003528,1,20,2
938356220,450003528,1,18,2
938356219,450003528,1,19,2
938356218,450003528,1,22,2
938356217,450003528,1,18,2
938356216,450003528,1,22,2
938356215,450003528,1,18,2
938356214,450003528,1,18,2
938356213,450003528,1,18,2
938356212,450003528,1,18,2
938356211,450003528,1,19,2
938356210,450003528,1,22,2
938356209,450003528,1,22,2
938356208,450003528,1,20,2
938356207,450003528,1,21,2
938356206,450003528,1,23,2
938356205,450003528,1,21,2
938356204,450003528,1,22,2
938356203,450003528,1,22,2
938356202,450003528,1,21,2
938356201,450003528,1,20,2
938356200,450003528,1,19,2
938356199,450003528,1,22,2
938356198,450003528,1,22,2
938356197,450003528,1,19,2
938356196,450003528,1,19,2
938356195,450003528,1,20,2
938356194,450003528,1,18,2
938356193,450003528,1,23,2
938356192,450003528,1,18,2
938356191,450003528,1,19,2
938356190,450003528,1,18,2
938356189,450003528,1,21,2
938356188,450003528,1,19,2
938356187,450003528,1,21,2
938356186,450003528,1,24,2
938356185,450003528,1,18,2
938356184,450003528,1,19,2
938356183,450003528,1,19,2
938356182,450003528,1,23,2
938356181,450003528,1,19,2
938356180,450003528,1,23,2
938356179,450003528,1,19,2
938356178,450003528,1,19,2
938356177,450003528,1,18,2
938356176,450003528,1,19,2
938356175,450003528,1,19,2
938356174,450003528,1,19,2
938356173,450003528,1,19,2
938356172,450003528,1,21,2
938356171,450003528,1,20,2
938356170,450003528,1,19,2
938356169,450003528,1,24,2
938356168,450003528,1,19,2
938356167,450003528,1,19,2
938356166,450003528,1,21,2
938356165,450003528,1,21,2
938356164,450003528,1,24,2
938356163,450003528,1,21,2
938356162,450003528,1,19,2
938356161,450003528,1,18,2
938356160,450003528,1,22,2
938356159,450003528,1,21,2
938356158,450003528,1,20,2
938356157,450003528,1,19,2
938356156,450003528,1,19,2
938356155,450003528,1,20,2
938356154,450003528,1,22,2
938356153,450003528,1,20,2
938356152,450003528,1,19,2
938356151,450003528,1,19,2
938356150,450003528,1,21,2
938356149,450003528,1,20,2
938356148,450003528,1,18,2
938356147,450003528,1,19,2
938356146,450003528,1,22,2
938356145,450003528,1,19,2
938356144,450003528,1,19,2
938356143,450003528,1,24,2
938356142,450003528,1,23,2
938356141,450003528,1,19,2
938356140,450003528,1,22,2
938356139,450003528,1,19,2
938356138,450003528,1,19,2
938356137,450003528,1,18,2
938356136,450003528,1,19,2
938356135,450003528,1,21,2
938356134,450003528,1,20,2
938356133,450003528,1,18,2
938356132,450003528,1,19,2
938356131,450003528,1,24,2
938356130,450003528,1,18,2
938356128,450003528,1,21,2
938356127,450003528,1,19,2
938356126,450003528,1,21,2
938356125,450003528,1,18,2
938356124,450003528,1,24,2
938356123,450003528,1,18,2
938356122,450003528,1,19,2
938356121,450003528,1,19,2
938356120,450003528,1,19,2
938356119,450003528,1,18,2
938356118,450003528,1,19,2
938356117,450003528,1,19,2
938356116,450003528,1,19,2
938356115,450003528,1,21,2
938356114,450003528,1,18,2
938356113,450003528,1,19,2
938356112,450003528,1,19,2
938356111,450003528,1,22,2
938356110,450003528,1,24,2
938356109,450003528,1,19,2
938356108,450003528,1,18,2
938356107,450003528,1,19,2
938356106,450003528,1,18,2
938356105,450003528,1,19,2
938356104,450003528,1,22,2
938356103,450003528,1,22,2
938356102,450003528,1,21,2
938356101,450003528,1,18,2
938356100,450003528,1,21,2
938356099,450003528,1,19,2
938356098,450003528,1,18,2
938356097,450003528,1,19,2
938356096,450003528,1,19,2
938356095,450003528,1,19,2
938356094,450003528,1,19,2
938356093,450003528,1,22,2
938356092,450003528,1,21,2
938356091,450003528,1,19,2
938356090,450003528,1,19,2
938356089,450003528,1,19,2
938356088,450003528,1,19,2
938356087,450003528,1,20,2
938356086,450003528,1,18,2
938356085,450003528,1,19,2
938356084,450003528,1,19,2
938356083,450003528,1,21,2
938356082,450003528,1,22,2
938356081,450003528,1,20,2
938356080,450003528,1,22,2
938356079,450003528,1,19,2
938356078,450003528,1,57,2
938356077,450003528,1,23,2
938356076,450003528,1,19,2
938356075,450003528,1,23,2
938356074,450003528,1,21,2
938356073,450003528,1,18,2
938356072,450003528,1,22,2
938356071,450003528,1,20,2
938356070,450003528,1,19,2
938356069,450003528,1,20,2
938356068,450003528,1,18,2
938356067,450003528,1,19,2
938356066,450003528,1,19,2
938356065,450003528,1,22,2
938356064,450003528,1,19,2
938356063,450003528,1,19,2
938356062,450003528,1,19,2
938356061,450003528,1,19,2
938356060,450003528,1,18,2
938356059,450003528,1,24,2
938356058,450003528,1,18,2
938356057,450003528,1,20,2
938356056,450003528,1,19,2
938356055,450003528,1,21,2
938356054,450003528,1,26,2
938356053,450003528,1,18,2
938356052,450003528,1,20,2
938356051,450003528,1,19,2
938356050,450003528,1,18,2
938356049,450003528,1,23,2
938356048,450003528,1,20,2
938356047,450003528,1,20,2
938356046,450003528,1,19,2
938356045,450003528,1,24,2
938356044,450003528,1,20,2
938356043,450003528,1,19,2
938356042,450003528,1,17,2
938356041,450003528,1,19,1
938356040,450003528,1,19,1
938356039,450003528,1,19,1
938356038,450003528,1,21,1
938356037,450003528,1,19,1
938356036,450003528,1,22,1
938356035,450003528,1,23,1
938356034,450003528,1,19,1
938356033,450003528,1,19,1
938356032,450003528,1,21,1
938356031,450003528,1,19,1
938356030,450003528,1,18,1
938356029,450003528,1,18,1
938356028,450003528,1,37,1
938356027,450003528,1,20,1
938356026,450003528,1,19,1
938356025,450003528,1,20,1
938356024,450003528,1,19,1
938356023,450003528,1,19,1
938356022,450003528,1,19,1
938356021,450003528,1,18,1
938356020,450003528,1,19,1
938356019,450003528,1,25,1
938356018,450003528,1,18,1
938356017,450003528,1,20,1
938356016,450003528,1,20,1
938356015,450003528,1,20,1
938356014,450003528,1,23,1
938356013,450003528,1,19,1
938356012,450003528,1,18,1
938356011,450003528,1,19,1
938356010,450003528,1,22,1
938356009,450003528,1,20,1
938356008,450003528,1,20,1
938356007,450003528,1,26,1
938356006,450003528,1,19,1
938356005,450003528,1,18,1
938356004,450003528,1,22,1
938356003,450003528,1,19,1
938356002,450003528,1,18,1
938356001,450003528,1,18,1
938356000,450003528,1,22,1
938355999,450003528,1,18,1
938355998,450003528,1,20,1
938355997,450003528,1,19,1
938355996,450003528,1,19,1
938355995,450003528,1,19,1
938355994,450003528,1,20,1
938355993,450003528,1,24,1
938355992,450003528,1,18,1
938355991,450003528,1,22,1
938355990,450003528,1,23,1
938355989,450003528,1,19,1
938355988,450003528,1,22,1
938355987,450003528,1,22,1
938355986,450003528,1,18,1
938355985,450003528,1,19,1
938355984,450003528,1,19,1
938355983,450003528,1,19,1
938355982,450003528,1,20,1
938355981,450003528,1,23,1
938355980,450003528,1,19,1
938355979,450003528,1,21,1
938355978,450003528,1,18,1
938355977,450003528,1,18,1
938355976,450003528,1,20,1
938355975,450003528,1,23,1
938355974,450003528,1,20,1
938355973,450003528,1,19,1
938355972,450003528,1,18,1
938355971,450003528,1,22,1
938355970,450003528,1,19,1
938355969,450003528,1,22,1
938355968,450003528,1,19,1
938355967,450003528,1,27,1
938355966,450003528,1,18,1
938355965,450003528,1,21,1
938355964,450003528,1,20,1
938355963,450003528,1,22,1
938355962,450003528,1,20,1
938355961,450003528,1,19,1
938355960,450003528,1,24,1
938355959,450003528,1,19,1
938355958,450003528,1,18,1
938355957,450003528,1,22,1
938355956,450003528,1,19,1
938355955,450003528,1,21,1
938355954,450003528,1,19,1
938355953,450003528,1,22,1
938355952,450003528,1,19,1
938355951,450003528,1,19,1
938355950,450003528,1,21,1
938355949,450003528,1,22,1
938355948,450003528,1,18,1
938355947,450003528,1,19,1
938355946,450003528,1,21,1
938355945,450003528,1,55,1
938355944,450003528,1,19,1
938355943,450003528,1,21,1
938355942,450003528,1,19,1
938355941,450003528,1,18,1
938355940,450003528,1,19,1
938355939,450003528,1,22,1
938355938,450003528,1,19,1
938355937,450003528,1,19,1
938355936,450003528,1,21,1
938355935,450003528,1,21,1
938355934,450003528,1,19,1
938355933,450003528,1,23,1
938355932,450003528,1,23,1
938355931,450003528,1,25,1
938355930,450003528,1,19,1
938355929,450003528,1,21,1
938355928,450003528,1,18,1
938355927,450003528,1,20,1
938355926,450003528,1,20,1
938355925,450003528,1,24,1
938355924,450003528,1,24,1
938355923,450003528,1,20,1
938355922,450003528,1,23,1
938355921,450003528,1,19,1
938355920,450003528,1,19,1
938355919,450003528,1,20,1
938355918,450003528,1,20,1
938355917,450003528,1,19,1
938355891,450003528,1,23,1
938355892,450003528,1,19,1
938355893,450003528,1,19,1
938355894,450003528,1,20,1
938355895,450003528,1,21,1
938355896,450003528,1,19,1
938355897,450003528,1,19,1
938355898,450003528,1,18,1
938355899,450003528,1,18,1
938355900,450003528,1,55,1
938355901,450003528,1,23,1
938355902,450003528,1,18,1
938355903,450003528,1,22,1
938355904,450003528,1,18,1
938355905,450003528,1,21,1
938355906,450003528,1,26,1
938355907,450003528,1,23,1
938355908,450003528,1,18,1
938355909,450003528,1,20,1
938355910,450003528,1,18,1
938355911,450003528,1,19,1
938355912,450003528,1,18,1
938355913,450003528,1,21,1
938355914,450003528,1,19,1
938355915,450003528,1,20,1
938355916,450003528,1,20,1
938355822,450003528,1,19,1
938355823,450003528,1,19,1
938355824,450003528,1,23,1
938355825,450003528,1,23,1
938355826,450003528,1,22,1
938355827,450003528,1,19,1
938355828,450003528,1,21,1
938355829,450003528,1,22,1
938355830,450003528,1,24,1
938355831,450003528,1,24,1
938355832,450003528,1,18,1
938355833,450003528,1,19,1
938355834,450003528,1,20,1
938355835,450003528,1,20,1
938355836,450003528,1,22,1
938355837,450003528,1,19,1
938355838,450003528,1,21,1
938355839,450003528,1,19,1
938355840,450003528,1,19,1
938355841,450003528,1,23,1
938355842,450003528,1,22,1
938355843,450003528,1,19,1
940754979,450046421,1,90,1
940754992,450046421,1,91,1
940754993,450046421,1,81,1
940754985,450046421,1,66,1
940754986,450046421,1,80,1
940754987,450046421,1,88,1
940754994,450046421,1,69,1
940754988,450046421,1,78,1
940409523,450046421,1,61,1
940409522,450046421,1,53,1
940409521,450046421,1,60,1
940409520,450046421,1,51,1
940409519,450046421,1,55,1
940409518,450046421,1,63,1
940409517,450046421,1,44,1
940409516,450046421,1,54,1
940754990,450046421,1,79,1
940754995,450046421,1,90,1
940754989,450046421,1,86,1
940754996,450046421,1,66,1
940754997,450046421,1,94,1
940754991,450046421,1,69,1
940754998,450046421,1,88,1
940754999,450046421,1,85,1
940754980,450046421,1,69,1
940754981,450046421,1,82,1
940754982,450046421,1,65,1
940754983,450046421,1,65,1
940754984,450046421,1,78,1
939617454,450030432,1,92,2
939617453,450030432,1,76,2
939617452,450030432,1,76,2
939617451,450030432,1,99,2
939617450,450030432,1,86,2
939617449,450030432,1,94,2
939617448,450030432,1,75,2
939617447,450030432,1,88,2
939617446,450030432,1,75,2
939340780,450030432,1,61,2
939340781,450030432,1,55,2
939617445,450030432,1,94,2
939617444,450030432,1,90,2
939617443,450030432,1,87,2
940515919,450030432,1,67,1
940515920,450030432,1,91,1
940515921,450030432,1,85,1
940515922,450030432,1,82,1
940515923,450030432,1,89,1
940515924,450030432,1,85,1
939617442,450030432,1,87,2
940515925,450030432,1,95,1
939617441,450030432,1,93,2
939617440,450030432,1,90,2
940319483,450030432,1,45,1
939617439,450030432,1,89,2
939617438,450030432,1,79,2
939617437,450030432,1,87,2
939617436,450030432,1,78,2
939617435,450030432,1,85,2
939617434,450030432,1,83,2
939617433,450030432,1,80,2
939617432,450030432,1,90,2
939617431,450030432,1,76,2
939617430,450030432,1,65,2
940515926,450030432,1,78,1
939617468,450030432,1,90,2
939617467,450030432,1,88,2
939617466,450030432,1,89,2
939617465,450030432,1,81,2
939617464,450030432,1,85,2
939617463,450030432,1,86,2
939617462,450030432,1,88,2
939617461,450030432,1,96,2
939617460,450030432,1,94,2
939617459,450030432,1,89,2
939617458,450030432,1,94,2
939617457,450030432,1,87,2
939617456,450030432,1,87,2
939617455,450030432,1,82,2
939617489,450030433,1,93,2
939617487,450030433,1,93,2
939617486,450030433,1,95,2
939617485,450030433,1,77,2
939617484,450030433,1,75,2
939617473,450030433,1,87,2
939617472,450030433,1,77,2
939617471,450030433,1,69,2
939617470,450030433,1,90,2
939617469,450030433,1,97,2
939617483,450030433,1,99,2
939617482,450030433,1,102,2
939617481,450030433,1,97,2
940515932,450030433,1,91,1
939340782,450030433,1,37,2
939340783,450030433,1,45,2
940515927,450030433,1,90,1
940515928,450030433,1,79,1
940515934,450030433,1,97,1
940515933,450030433,1,76,1
940515929,450030433,1,87,1
939617478,450030433,1,87,2
939617479,450030433,1,82,2
939617480,450030433,1,76,2
940515930,450030433,1,72,1
940515931,450030433,1,76,1
939617505,450030433,1,88,2
939617504,450030433,1,76,2
939617503,450030433,1,96,2
939617502,450030433,1,97,2
939617501,450030433,1,87,2
939617500,450030433,1,88,2
939617499,450030433,1,76,2
939617474,450030433,1,66,2
939617475,450030433,1,99,2
939617476,450030433,1,87,2
939617477,450030433,1,77,2
939617506,450030433,1,88,2
939617498,450030433,1,86,2
939617497,450030433,1,80,2
939617496,450030433,1,86,2
939617495,450030433,1,79,2
939617494,450030433,1,87,2
939617493,450030433,1,91,2
939617492,450030433,1,77,2
939617491,450030433,1,105,2
939617490,450030433,1,89,2
939617488,450030433,1,90,2
939851246,450036377,1,75,2
940352825,450036377,1,57,1
940352826,450036377,1,52,1
940352827,450036377,1,62,1
940352828,450036377,1,41,1
940352829,450036377,1,37,1
940352830,450036377,1,47,1
940352831,450036377,1,29,1
940352832,450036377,1,62,1
940352833,450036377,1,63,1
940352834,450036377,1,36,1
940352835,450036377,1,56,1
940352836,450036377,1,61,1
940352837,450036377,1,60,1
940352838,450036377,1,29,1
940352839,450036377,1,55,1
940352840,450036377,1,39,1
940352841,450036377,1,27,1
940352842,450036377,1,53,1
939851302,450036377,1,88,2
939851301,450036377,1,80,2
939851300,450036377,1,78,2
939851299,450036377,1,94,2
939851298,450036377,1,86,2
939851297,450036377,1,79,2
939851296,450036377,1,88,2
939851295,450036377,1,104,2
939851294,450036377,1,79,2
939851293,450036377,1,90,2
939851292,450036377,1,80,2
939851291,450036377,1,82,2
939851290,450036377,1,84,2
939851289,450036377,1,79,2
939851288,450036377,1,86,2
939851287,450036377,1,86,2
939851286,450036377,1,88,2
939851285,450036377,1,78,2
939851284,450036377,1,67,2
939851283,450036377,1,81,2
939851312,450036377,1,80,2
939851313,450036377,1,103,2
939851314,450036377,1,88,2
939851315,450036377,1,82,2
939851316,450036377,1,101,2
939851317,450036377,1,73,2
939851318,450036377,1,92,2
939851319,450036377,1,82,2
939851320,450036377,1,94,2
939851321,450036377,1,84,2
939851322,450036377,1,87,2
939851323,450036377,1,86,2
939851324,450036377,1,79,2
939851325,450036377,1,97,2
939851326,450036377,1,78,2
939851327,450036377,1,93,2
939851328,450036377,1,81,2
939851329,450036377,1,70,2
939851330,450036377,1,95,2
939851331,450036377,1,87,2
939851332,450036377,1,81,2
939851333,450036377,1,88,2
939851334,450036377,1,79,2
939851335,450036377,1,90,2
939851336,450036377,1,84,2
939851337,450036377,1,77,2
939851338,450036377,1,83,2
939851339,450036377,1,93,2
939851340,450036377,1,82,2
939851341,450036377,1,65,2
939851342,450036377,1,87,2
939851343,450036377,1,95,2
939851344,450036377,1,97,2
939851345,450036377,1,90,2
939851346,450036377,1,90,2
939851193,450036377,1,69,2
939851194,450036377,1,85,2
939851195,450036377,1,67,2
939851196,450036377,1,78,2
939851197,450036377,1,91,2
939851198,450036377,1,88,2
939851199,450036377,1,89,2
939851200,450036377,1,68,2
939851201,450036377,1,86,2
939851202,450036377,1,88,2
939851203,450036377,1,90,2
939851204,450036377,1,76,2
939851205,450036377,1,69,2
939851206,450036377,1,88,2
939851207,450036377,1,99,2
939851208,450036377,1,84,2
939851209,450036377,1,83,2
939851210,450036377,1,82,2
939851211,450036377,1,92,2
939851212,450036377,1,76,2
939851213,450036377,1,68,2
939851214,450036377,1,84,2
939851215,450036377,1,66,2
939851216,450036377,1,84,2
939851217,450036377,1,82,2
939851218,450036377,1,85,2
939851219,450036377,1,82,2
939851220,450036377,1,71,2
939851221,450036377,1,75,2
939851222,450036377,1,85,2
939851223,450036377,1,71,2
939851224,450036377,1,83,2
939851225,450036377,1,90,2
939851226,450036377,1,84,2
939851227,450036377,1,91,2
939851228,450036377,1,65,2
939851229,450036377,1,90,2
939851230,450036377,1,102,2
939851231,450036377,1,94,2
939851232,450036377,1,84,2
939851233,450036377,1,86,2
939851234,450036377,1,73,2
939851235,450036377,1,80,2
939851236,450036377,1,77,2
939851237,450036377,1,87,2
939851238,450036377,1,93,2
939851239,450036377,1,82,2
939851240,450036377,1,99,2
939851241,450036377,1,87,2
939851242,450036377,1,83,2
939851243,450036377,1,86,2
939851244,450036377,1,82,2
939851245,450036377,1,87,2
939851247,450036377,1,86,2
939851248,450036377,1,73,2
939851249,450036377,1,81,2
939851250,450036377,1,81,2
939851251,450036377,1,82,2
939851252,450036377,1,88,2
939851253,450036377,1,75,2
939851254,450036377,1,83,2
939851255,450036377,1,90,2
939851256,450036377,1,90,2
939851257,450036377,1,85,2
939851258,450036377,1,82,2
939851259,450036377,1,88,2
939851260,450036377,1,93,2
939851261,450036377,1,99,2
939851262,450036377,1,94,2
939851263,450036377,1,83,2
939851264,450036377,1,85,2
939851265,450036377,1,88,2
939851266,450036377,1,82,2
939851267,450036377,1,77,2
939851268,450036377,1,85,2
939851269,450036377,1,97,2
939851270,450036377,1,88,2
939851271,450036377,1,83,2
939851272,450036377,1,76,2
939851273,450036377,1,86,2
939851274,450036377,1,82,2
939851275,450036377,1,82,2
939851276,450036377,1,85,2
939851277,450036377,1,90,2
939851278,450036377,1,87,2
939851279,450036377,1,80,2
939851280,450036377,1,88,2
940607899,450036377,1,87,1
940607898,450036377,1,81,1
940607897,450036377,1,85,1
940607896,450036377,1,88,1
940607895,450036377,1,87,1
940607894,450036377,1,65,1
940607893,450036377,1,81,1
940607892,450036377,1,89,1
940607891,450036377,1,92,1
940607890,450036377,1,80,1
940607889,450036377,1,78,1
940607888,450036377,1,69,1
940607887,450036377,1,83,1
940607886,450036377,1,96,1
940607885,450036377,1,78,1
940607884,450036377,1,87,1
940607883,450036377,1,84,1
940607882,450036377,1,102,1
940607881,450036377,1,89,1
940607880,450036377,1,69,1
940607879,450036377,1,67,1
940607878,450036377,1,82,1
940607877,450036377,1,88,1
940607876,450036377,1,69,1
940607875,450036377,1,71,1
940607874,450036377,1,82,1
940607873,450036377,1,81,1
940607872,450036377,1,78,1
940607871,450036377,1,85,1
940607870,450036377,1,86,1
940607869,450036377,1,90,1
940607868,450036377,1,78,1
940607867,450036377,1,100,1
940607866,450036377,1,76,1
940607865,450036377,1,84,1
940607864,450036377,1,81,1
939851303,450036377,1,86,2
939851304,450036377,1,76,2
939851305,450036377,1,98,2
939851306,450036377,1,90,2
939851307,450036377,1,93,2
939851308,450036377,1,85,2
939851309,450036377,1,86,2
939851310,450036377,1,85,2
939851311,450036377,1,75,2
939851281,450036377,1,86,2
939851282,450036377,1,83,2
939355949,450036377,1,30,2
939355950,450036377,1,55,2
939355951,450036377,1,62,2
939355952,450036377,1,62,2
939355953,450036377,1,50,2
939355954,450036377,1,36,2
939355955,450036377,1,63,2
939355956,450036377,1,45,2
939355957,450036377,1,45,2
939355958,450036377,1,47,2
939355959,450036377,1,49,2
939355960,450036377,1,36,2
939355961,450036377,1,43,2
939355962,450036377,1,62,2
939355963,450036377,1,34,2
939355964,450036377,1,62,2
939355965,450036377,1,50,2
939617418,450030434,1,80,2
939617417,450030434,1,90,2
939617402,450030434,1,91,2
940319482,450030434,1,61,1
939340776,450030434,1,55,2
940515918,450030434,1,93,1
940515917,450030434,1,77,1
940515916,450030434,1,87,1
939340779,450030434,1,58,2
939340778,450030434,1,53,2
939617416,450030434,1,75,2
939617415,450030434,1,93,2
939617414,450030434,1,82,2
939617413,450030434,1,86,2
939617412,450030434,1,82,2
939617411,450030434,1,85,2
939617410,450030434,1,85,2
939617409,450030434,1,80,2
939617408,450030434,1,103,2
939617407,450030434,1,68,2
939617406,450030434,1,85,2
939340777,450030434,1,62,2
940319478,450030434,1,64,1
940319479,450030434,1,61,1
940319480,450030434,1,56,1
940319481,450030434,1,60,1
940515915,450030434,1,70,1
940515914,450030434,1,87,1
940515913,450030434,1,79,1
940515912,450030434,1,76,1
940515911,450030434,1,86,1
940515910,450030434,1,77,1
939617429,450030434,1,82,2
939617428,450030434,1,76,2
939617427,450030434,1,92,2
939617403,450030434,1,78,2
939617404,450030434,1,71,2
939617405,450030434,1,97,2
939617426,450030434,1,85,2
939617425,450030434,1,90,2
939617424,450030434,1,88,2
939617423,450030434,1,95,2
939617422,450030434,1,95,2
939617421,450030434,1,93,2
939617420,450030434,1,69,2
939617419,450030434,1,86,2
940043223,450041328,1,105,2
940682636,450041328,1,65,1
940682635,450041328,1,88,1
940682634,450041328,1,66,1
940682633,450041328,1,84,1
940682632,450041328,1,87,1
940379787,450041328,1,41,1
940379786,450041328,1,32,1
940379785,450041328,1,46,1
940379784,450041328,1,28,1
940682631,450041328,1,83,1
940682630,450041328,1,76,1
940043228,450041328,1,82,2
940043227,450041328,1,90,2
940043226,450041328,1,88,2
940043225,450041328,1,100,2
940043224,450041328,1,90,2
940043222,450041328,1,101,2
940043221,450041328,1,73,2
940043220,450041328,1,85,2
940043219,450041328,1,89,2
940043218,450041328,1,76,2
940043217,450041328,1,81,2
940043216,450041328,1,92,2
940043215,450041328,1,83,2
940043214,450041328,1,81,2
940043213,450041328,1,89,2
940043212,450041328,1,77,2
940043211,450041328,1,76,2
940043210,450041328,1,86,2
940043209,450041328,1,89,2
940043208,450041328,1,80,2
940043207,450041328,1,82,2
940043206,450041328,1,86,2
940043205,450041328,1,81,2
940043204,450041328,1,80,2
940043203,450041328,1,98,2
940043202,450041328,1,95,2
940682629,450041328,1,72,1
939327248,450041328,1,50,2
939327249,450041328,1,57,2
939327250,450041328,1,28,2
939327251,450041328,1,35,2
